date,open,high,close,low,volume,price_change,p_change,ma5,ma10,ma20,v_ma5,v_ma10,v_ma20,turnover
2017-06-21,8.03,8.04,8.01,7.92,8817.0,0.03,0.38,7.93,7.797,7.737,16095.52,14627.34,17931.4,0.28
2017-06-20,8.09,8.16,7.98,7.95,15972.44,0.01,0.12,7.838,7.787,7.748,17231.65,15468.55,18246.29,0.5
2017-06-19,7.87,8.01,7.97,7.78,20211.73,0.1,1.27,7.766,7.766,7.783,16294.97,15545.11,18038.6,0.63
2017-06-16,7.8,7.9,7.87,7.75,11295.38,0.05,0.64,7.666,7.735,7.81,15996.82,15139.82,17742.86,0.35
2017-06-15,7.58,7.89,7.82,7.56,24181.06,0.27,3.58,7.664,7.693,7.853,15727.57,15708.69,18246.59,0.76
2017-06-14,7.7,7.7,7.55,7.5,14497.65,-0.07,-0.92,7.664,7.639,7.898,13159.16,15322.49,17663.99,0.46
2017-06-13,7.37,7.62,7.62,7.3,11289.03,0.15,2.01,7.736,7.65,7.948,13705.45,16084.58,17591.56,0.35
2017-06-12,7.7,7.79,7.47,7.47,18721.0,-0.39,-4.96,7.766,7.653,7.99,14795.25,18045.16,18160.91,0.59
2017-06-09,7.83,7.88,7.86,7.76,9949.1,0.04,0.51,7.804,7.676,8.028,14282.82,18039.06,18886.77,0.31
2017-06-08,7.82,7.98,7.82,7.8,11339.0,-0.09,-1.14,7.722,7.675,8.06,15689.8,19614.57,19727.67,0.36
2017-06-07,7.82,7.96,7.91,7.75,17229.11,0.14,1.8,7.614,7.676,8.113,17485.82,21235.45,21380.07,0.54
2017-06-06,7.68,7.92,7.77,7.6,16738.05,0.11,1.44,7.564,7.709,8.186,18463.72,21024.03,22015.87,0.53
2017-06-05,7.47,7.82,7.66,7.4,16158.86,0.21,2.82,7.54,7.799,8.29,21295.08,20532.09,22015.12,0.51
2017-06-02,7.18,7.55,7.45,7.08,16984.0,0.17,2.33,7.548,7.884,8.412,21795.31,20345.9,22042.94,0.53
2017-06-01,7.61,7.61,7.28,7.28,20319.09,-0.38,-4.96,7.628,8.013,8.536,23539.34,20784.5,22016.54,0.64
2017-05-31,7.68,7.77,7.66,7.6,22118.58,0.01,0.13,7.738,8.157,8.662,24985.08,20005.5,22011.17,0.69
2017-05-26,7.7,7.83,7.65,7.56,30894.86,-0.05,-0.65,7.854,8.245,8.78,23584.33,19098.54,22248.71,0.97
2017-05-25,7.75,7.85,7.7,7.54,18660.0,-0.15,-1.91,8.058,8.327,8.887,19769.1,18276.66,22305.18,0.59
2017-05-24,7.7,7.88,7.85,7.5,25704.15,0.02,0.26,8.22,8.379,8.981,18896.5,19734.48,22657.36,0.81
2017-05-23,8.2,8.2,7.83,7.83,27547.83,-0.41,-4.98,8.398,8.444,9.072,18029.67,19840.77,22736.61,0.87
2017-05-22,8.67,8.74,8.24,8.24,15114.83,-0.43,-4.96,8.576,8.55,9.179,15025.91,21524.68,22753.81,0.47
2017-05-19,8.43,8.75,8.67,8.42,11818.67,0.16,1.88,8.636,8.662,9.291,14612.75,23007.71,24162.13,0.37
2017-05-18,8.51,8.74,8.51,8.41,14297.0,-0.23,-2.63,8.596,8.78,9.356,16784.22,23498.14,24588.9,0.45
2017-05-17,8.81,8.9,8.74,8.65,21370.0,0.02,0.23,8.538,8.939,9.438,20572.46,23739.98,25191.09,0.67
2017-05-16,8.44,8.75,8.72,8.44,12529.07,0.18,2.11,8.49,9.059,9.524,21651.86,23248.58,25509.39,0.39
2017-05-15,8.35,8.63,8.54,8.35,13049.02,0.07,0.83,8.524,9.166,9.611,28023.45,24016.85,26998.54,0.41
2017-05-12,8.18,8.6,8.47,8.1,22676.02,0.25,3.04,8.688,9.314,9.734,31402.67,25398.87,28289.26,0.71
2017-05-11,8.5,8.5,8.22,8.08,33238.21,-0.28,-3.29,8.964,9.446,9.882,30212.07,26333.7,28444.45,1.04
2017-05-10,8.89,8.96,8.5,8.48,26767.0,-0.39,-4.39,9.34,9.583,10.048,26907.5,25580.25,28366.75,0.84
2017-05-09,9.22,9.25,8.89,8.89,44387.0,-0.47,-5.02,9.628,9.7,10.223,24845.3,25632.45,27964.44,1.39
2017-05-08,9.81,9.85,9.36,9.36,29945.12,-0.49,-4.97,9.808,9.807,10.369,20010.24,23982.95,27242.15,0.94
2017-05-05,10.08,10.19,9.85,9.82,16723.0,-0.25,-2.48,9.94,9.919,10.521,19395.07,25316.56,27159.18,0.53
2017-05-04,9.92,10.28,10.1,9.85,16715.37,0.16,1.61,9.928,9.932,10.629,22455.34,25679.66,28036.72,0.53
2017-05-03,9.69,9.99,9.94,9.68,16456.01,0.15,1.53,9.826,9.937,10.712,24252.99,26642.2,31057.02,0.52
2017-05-02,9.9,10.03,9.79,9.75,20211.7,-0.23,-2.29,9.772,9.988,10.821,26419.59,27770.21,31971.76,0.63
2017-04-28,9.82,10.08,10.02,9.54,26869.27,0.23,2.35,9.806,10.055,10.944,27955.65,29980.24,33599.01,0.84
2017-04-27,9.6,9.95,9.79,9.43,32024.35,0.2,2.09,9.898,10.154,11.075,31238.04,31179.64,34120.02,1.01
2017-04-26,9.71,9.79,9.59,9.41,25703.64,-0.08,-0.83,9.936,10.317,11.241,28903.97,30555.2,34551.94,0.81
2017-04-25,9.98,10.25,9.67,9.55,27289.0,-0.29,-2.91,10.048,10.513,11.432,29031.4,31153.25,40919.03,0.86
2017-04-24,10.38,10.38,9.96,9.96,27892.0,-0.52,-4.96,10.204,10.746,11.611,29120.82,30296.43,42227.59,0.88
2017-04-21,9.95,10.48,10.48,9.7,43281.23,0.5,5.01,10.304,10.931,11.783,32004.82,30501.34,44378.81,1.36
2017-04-20,10.2,10.36,9.98,9.92,20354.0,-0.17,-1.68,10.41,11.122,11.948,31121.24,29001.8,44494.55,0.64
2017-04-19,10.38,10.45,10.15,10.03,26340.78,-0.3,-2.87,10.698,11.325,12.134,32206.42,30393.77,47927.69,0.83
2017-04-18,10.5,10.56,10.45,10.23,27736.08,-0.01,-0.1,10.978,11.487,12.342,33275.1,35471.83,49685.66,0.87
2017-04-17,10.99,10.99,10.46,10.46,42312.03,-0.55,-5.0,11.288,11.654,12.554,31472.04,36173.31,51771.42,1.33
2017-04-14,11.34,11.48,11.01,10.9,38863.32,-0.41,-3.59,11.558,11.833,12.759,28997.86,37217.78,52780.05,1.22
2017-04-13,11.48,11.87,11.42,11.32,25779.89,-0.13,-1.13,11.834,11.996,12.923,26882.36,37060.4,52622.57,0.81
2017-04-12,11.88,11.98,11.55,11.49,31684.19,-0.45,-3.75,11.952,12.165,13.065,28581.13,38548.69,53696.94,1.0
2017-04-11,11.82,12.07,12.0,11.7,18720.77,0.19,1.61,11.996,12.35,13.21,37668.56,50684.81,55757.23,0.59
2017-04-10,12.49,12.49,11.81,11.79,29941.15,-0.58,-4.68,12.02,12.475,13.318,40874.58,54158.76,57333.28,0.94
2017-04-07,11.98,12.43,12.39,11.84,28285.79,0.38,3.16,12.108,12.634,13.45,45437.69,58256.27,58057.03,0.89
2017-04-06,11.6,12.12,12.01,11.58,34273.75,0.24,2.04,12.158,12.773,13.556,47238.44,59987.3,59760.89,1.08
2017-04-05,11.99,11.99,11.77,11.51,77121.36,-0.35,-2.89,12.378,12.942,13.675,48516.25,65461.6,61595.64,2.42
2017-03-31,12.25,12.25,12.12,11.9,34750.83,-0.13,-1.06,12.704,13.197,13.817,63701.06,63899.49,63949.93,1.09
2017-03-30,12.63,12.64,12.25,12.03,52756.72,-0.39,-3.08,12.93,13.454,13.972,67442.94,67369.54,67784.92,1.66
2017-03-29,13.11,13.31,12.64,12.63,37289.52,-0.47,-3.58,13.16,13.684,14.14,71074.85,68342.32,73733.14,1.17
2017-03-28,13.19,13.47,13.11,13.0,40662.8,-0.29,-2.16,13.388,13.849,14.302,72736.15,68184.75,78372.28,1.28
2017-03-27,12.59,13.8,13.4,12.59,153045.44,0.15,1.13,13.506,13.964,14.426,82406.96,68845.19,82685.58,4.81
2017-03-23,13.3,13.57,13.25,13.11,53460.24,-0.15,-1.12,13.69,14.069,14.519,64097.91,60829.65,78550.06,1.68
2017-03-22,13.79,13.79,13.4,13.17,70916.26,-0.38,-2.76,13.978,14.16,14.614,67296.13,60507.81,80813.42,2.23
2017-03-21,13.66,13.95,13.78,13.65,45596.03,0.08,0.58,14.208,14.265,14.727,65609.78,57857.79,82790.09,1.43
2017-03-20,14.0,14.15,13.7,13.65,89016.84,-0.62,-4.33,14.31,14.339,14.835,63633.35,59534.49,87301.6,2.8
2017-03-17,14.55,14.6,14.32,14.27,61500.17,-0.37,-2.52,14.422,14.408,14.955,55283.42,57729.67,95999.06,1.93
2017-03-16,14.55,14.88,14.69,14.55,69451.37,0.14,0.96,14.448,14.437,15.02,57561.38,64000.37,103490.39,2.18
2017-03-15,14.29,14.58,14.55,14.1,62484.48,0.26,1.82,14.342,14.489,15.101,53719.48,68200.29,120236.12,1.96
2017-03-14,14.25,14.43,14.29,14.21,35713.87,0.03,0.21,14.322,14.595,15.157,50105.8,79123.97,125380.21,1.12
2017-03-13,14.36,14.45,14.26,14.12,47267.22,-0.19,-1.31,14.368,14.754,15.154,55435.63,88559.82,126955.14,1.48
2017-03-10,14.3,14.8,14.45,14.25,72889.98,0.29,2.05,14.394,14.887,15.164,60175.91,96525.98,131149.25,2.29
2017-03-09,14.47,14.47,14.16,14.11,50241.84,-0.29,-2.01,14.426,14.968,15.152,70439.36,96270.48,134678.76,1.58
2017-03-08,14.58,14.67,14.45,14.41,44416.11,-0.07,-0.48,14.636,15.068,15.139,82681.11,101119.04,136608.72,1.4
2017-03-07,14.4,14.67,14.52,14.37,62363.02,0.13,0.9,14.868,15.189,15.112,108142.13,107722.39,140572.51,1.96
2017-03-06,14.58,14.64,14.39,14.3,70968.61,-0.22,-1.51,15.14,15.33,15.078,121684.0,115068.72,143731.29,2.23
2017-03-03,15.0,15.0,14.61,13.86,124207.24,-0.6,-3.94,15.38,15.502,15.026,132876.04,134268.45,145161.54,3.9
2017-03-02,15.3,15.49,15.21,15.05,111450.57,-0.4,-2.56,15.51,15.602,14.951,122101.6,142980.41,142977.73,3.5
2017-03-01,15.97,16.56,15.61,15.51,171721.23,-0.27,-1.7,15.5,15.713,14.839,119556.97,172271.94,147059.97,5.39
2017-02-28,15.45,15.9,15.88,15.2,130072.34,0.29,1.86,15.51,15.718,14.774,107302.65,171636.46,142904.84,4.09
2017-02-27,15.23,15.85,15.59,15.13,126928.81,0.33,2.16,15.52,15.554,14.72,108453.44,165350.47,143597.14,3.99
2017-02-24,15.25,15.46,15.26,15.13,70335.06,0.1,0.66,15.624,15.441,14.639,135660.86,165772.52,140255.39,2.21
2017-02-23,15.53,15.77,15.16,15.15,98727.41,-0.5,-3.19,15.694,15.335,14.564,163859.23,173087.04,139796.85,3.1
2017-02-22,15.89,15.89,15.66,15.4,110449.65,-0.27,-1.7,15.926,15.21,14.489,224986.92,172098.4,138148.94,3.47
2017-02-21,16.26,16.3,15.93,15.67,135826.25,-0.18,-1.12,15.926,15.034,14.408,235970.26,173422.63,137624.47,4.27
2017-02-20,15.27,16.65,16.11,15.27,262965.91,0.5,3.2,15.588,14.825,14.307,222247.5,172393.87,137779.81,8.26
2017-02-17,15.95,16.13,15.61,15.59,211326.91,-0.71,-4.35,15.258,14.55,14.209,195884.18,156054.62,132350.61,6.64
2017-02-16,15.92,16.99,16.32,15.69,404365.88,0.66,4.21,14.976,14.299,14.213,182314.85,142975.05,127833.56,12.7
2017-02-15,14.28,15.66,15.66,14.01,165366.34,1.42,9.97,14.494,13.964,14.165,119209.89,121848.0,113491.52,5.19
2017-02-14,14.28,14.44,14.24,14.14,67212.45,-0.22,-1.52,14.142,13.829,14.146,110875.0,114173.22,110860.13,2.11
2017-02-13,14.0,14.85,14.46,13.8,131149.3,0.26,1.83,14.062,13.885,14.235,122540.24,121843.8,115502.98,4.12
2017-02-10,14.09,14.49,14.2,13.97,143480.27,0.29,2.08,13.842,13.837,14.291,116225.07,114738.27,113384.25,4.51
2017-02-09,13.95,14.05,13.91,13.77,88841.07,0.01,0.07,13.622,13.792,14.356,103635.24,106506.65,112617.81,2.79
2017-02-08,13.7,14.18,13.9,13.43,123691.92,0.06,0.43,13.434,13.767,14.453,124486.12,104199.48,116114.01,3.89
2017-02-07,13.3,14.22,13.84,13.18,125538.62,0.48,3.59,13.516,13.781,14.574,117471.44,101826.3,117962.24,3.94
2017-02-06,13.0,13.47,13.36,12.92,99573.49,0.26,1.99,13.708,13.789,14.698,121147.37,103165.75,119705.72,3.13
2017-02-03,12.91,13.43,13.1,12.8,80531.12,0.13,1.0,13.832,13.867,14.869,113251.46,108646.59,125115.44,2.53
2017-01-26,13.32,13.99,12.97,12.88,193095.44,-1.34,-9.36,13.962,14.127,15.074,109378.06,112692.07,131887.09,6.07
2017-01-25,14.75,14.75,14.31,14.27,88618.54,-0.49,-3.31,14.1,14.366,15.269,83912.85,105135.03,132972.16,2.78
2017-01-24,14.03,15.15,14.8,14.01,143918.27,0.82,5.87,14.046,14.463,15.383,86181.17,107547.03,136917.52,4.52
2017-01-23,13.76,14.18,13.98,13.76,60093.95,0.23,1.67,13.87,14.584,15.477,85184.12,109162.15,141419.44,1.89
2017-01-20,13.67,13.99,13.75,13.6,61164.11,0.09,0.66,13.902,14.744,15.589,104041.71,112030.23,153716.24,1.92
2017-01-19,13.88,13.95,13.66,13.62,65769.37,-0.38,-2.71,14.292,14.919,15.802,116006.08,118728.97,169769.92,2.07
2017-01-18,13.7,14.5,14.04,13.53,99960.13,0.12,0.86,14.632,15.139,16.0,126357.22,128028.53,182035.87,3.14
2017-01-17,13.81,13.97,13.92,13.16,138933.05,-0.22,-1.56,14.88,15.366,16.179,128912.89,134098.17,201167.81,4.36
2017-01-16,15.53,15.91,14.14,14.13,154381.89,-1.56,-9.94,15.298,15.606,16.41,133140.18,136245.68,216824.02,4.85
2017-01-13,15.37,15.73,15.7,15.13,120985.96,0.34,2.21,15.586,15.871,16.709,120018.74,141584.3,245412.46,3.8
2017-01-12,15.28,15.49,15.36,14.91,117525.08,0.08,0.52,15.546,16.021,16.955,121451.86,151082.1,263751.52,3.69
2017-01-11,15.85,15.96,15.28,15.24,112738.47,-0.73,-4.56,15.646,16.172,17.124,129699.84,160809.28,279629.72,3.54
2017-01-10,15.67,16.29,16.01,15.67,160069.5,0.43,2.76,15.852,16.302,17.222,139283.45,166288.0,288514.6,5.03
2017-01-09,15.45,15.69,15.58,15.32,88774.7,0.08,0.52,15.914,16.369,17.242,139351.19,173676.72,295386.43,2.79
2017-01-06,15.76,16.04,15.5,15.46,128151.57,-0.36,-2.27,16.156,16.434,17.251,163149.86,195402.26,300252.75,4.03
2017-01-05,16.2,16.25,15.86,15.8,158764.94,-0.45,-2.76,16.496,16.684,17.291,180712.34,220810.86,307948.12,4.99
2017-01-04,16.12,16.54,16.31,15.91,160656.52,-0.01,-0.06,16.698,16.861,17.274,191918.73,236043.21,307335.22,5.05
2017-01-03,16.5,16.76,16.32,15.83,160408.2,-0.47,-2.8,16.752,16.992,17.238,193292.56,268237.45,309835.89,5.04
2016-12-30,17.18,17.78,16.79,16.7,207768.08,-0.41,-2.38,16.824,17.214,17.192,208002.26,297402.35,313806.44,6.53
2016-12-29,16.6,17.25,17.2,16.35,215963.95,0.33,1.96,16.712,17.547,17.172,227654.66,349240.61,327578.03,6.78
2016-12-28,16.57,17.2,16.87,16.28,214796.91,0.29,1.75,16.872,17.888,17.192,260909.39,376420.95,346488.74,6.75
2016-12-27,16.6,16.94,16.58,16.3,167525.66,-0.1,-0.6,17.024,18.075,17.188,280167.68,398450.16,353832.91,5.26
2016-12-26,16.2,16.87,16.68,15.43,233956.69,0.45,2.77,17.232,18.141,17.122,343182.34,410741.19,360893.9,7.35
2016-12-23,17.72,17.72,16.23,16.21,306030.09,-1.77,-9.83,17.604,18.114,17.135,386802.44,417096.13,376034.31,9.61
2016-12-22,17.4,18.56,18.0,17.38,382237.59,0.37,2.1,18.382,18.067,17.094,470826.56,405103.25,373545.67,12.01
2016-12-21,17.68,17.83,17.63,17.0,311088.38,0.01,0.06,18.904,17.898,16.894,491932.5,395085.38,369923.14,9.77
2016-12-20,18.37,19.1,17.62,17.1,482598.94,-0.92,-4.96,19.126,17.687,16.694,516732.64,378627.22,355028.48,15.16
2016-12-19,19.2,19.64,18.54,18.4,452057.19,-1.58,-7.85,19.05,17.483,16.488,478300.05,351434.34,332872.04,14.2
2016-12-16,21.0,22.67,20.12,19.8,726150.69,-0.49,-2.38,18.624,17.17,16.236,447389.83,330210.53,312831.14,22.81
2016-12-15,18.26,20.61,20.61,18.26,487767.31,1.87,9.98,17.752,16.797,15.886,339379.94,305915.45,279390.02,15.32
2016-12-14,16.79,18.96,18.74,16.62,435089.06,1.5,8.7,16.892,16.495,15.517,298238.26,316556.54,260872.98,13.67
2016-12-13,15.05,17.5,17.24,15.02,290436.0,0.83,5.06,16.248,16.3,15.209,240521.81,309215.67,240014.15,9.12
2016-12-12,15.71,17.34,16.41,15.51,297506.09,0.65,4.12,15.916,16.102,14.972,224568.63,311046.6,226904.05,9.34
2016-12-09,15.72,16.15,15.76,15.49,186101.22,-0.55,-3.37,15.716,16.156,14.792,213031.22,334972.48,213095.29,5.85
2016-12-08,15.45,16.9,16.31,15.25,282058.94,0.79,5.09,15.842,16.121,14.642,272450.97,341988.1,205466.36,8.86
2016-12-07,15.4,15.66,15.52,14.93,146506.8,-0.04,-0.26,16.098,15.89,14.449,334874.82,344760.89,192916.51,4.6
2016-12-06,15.31,16.0,15.58,14.88,210670.08,0.21,1.37,16.352,15.701,14.284,377909.53,331429.73,187091.03,6.62
2016-12-05,15.73,16.16,15.41,15.01,239819.08,-0.98,-5.98,16.288,15.493,14.099,397524.57,314309.75,178749.2,7.53
2016-12-02,16.5,17.12,16.39,15.81,483199.97,-1.18,-6.72,16.596,15.302,13.938,456913.73,295451.75,168163.04,15.18
2016-12-01,17.99,18.47,17.59,17.2,594178.19,0.8,4.76,16.4,14.975,13.722,411525.22,252864.59,146016.64,18.66
2016-11-30,14.41,16.79,16.79,14.32,361680.31,1.53,10.03,15.682,14.538,13.43,354646.96,205189.42,118621.84,11.36
2016-11-29,16.8,16.8,15.26,15.26,308745.31,-1.69,-9.97,15.05,14.118,13.158,284949.93,170812.64,102949.06,9.7
2016-11-28,16.6,16.95,16.95,16.22,536764.88,1.54,9.99,14.698,13.841,12.974,231094.93,142761.5,90624.05,16.86
2016-11-25,13.8,15.41,15.41,13.8,256257.41,1.4,9.99,14.008,13.428,12.737,133989.77,91218.1,65071.96,8.05
2016-11-24,12.93,14.43,14.0,12.6,309786.88,0.37,2.71,13.55,13.163,12.576,94203.96,68944.62,54026.87,9.73
2016-10-25,13.47,13.7,13.63,13.35,13195.17,0.13,0.96,13.394,13.008,12.477,55731.89,41072.14,42219.01,0.41
2016-10-24,13.64,13.64,13.5,13.31,39470.31,0.02,0.15,13.186,12.866,12.392,56675.35,42752.33,43033.11,1.24
2016-10-21,13.12,13.52,13.5,13.07,51239.06,0.38,2.9,12.984,12.705,12.319,54428.07,43188.66,42635.24,1.61
2016-10-20,13.15,13.3,13.12,13.02,57328.39,-0.1,-0.76,12.848,12.573,12.234,48446.42,40874.33,43590.75,1.8
2016-10-19,13.23,13.23,13.22,13.05,117426.5,0.62,4.92,12.776,12.469,12.156,43685.29,39168.7,43266.45,3.69
2016-10-18,12.52,12.65,12.59,12.35,17912.49,0.09,0.72,12.622,12.322,12.045,26412.39,32054.25,39255.23,0.56
2016-10-17,12.86,12.88,12.49,12.3,28233.92,-0.31,-2.42,12.546,12.197,11.981,28829.31,35085.49,39470.83,0.89
2016-10-14,12.8,12.88,12.82,12.55,21330.82,0.05,0.39,12.426,12.107,11.919,31949.24,38486.6,39701.35,0.67
2016-10-13,12.39,12.86,12.76,12.37,33522.7,0.32,2.57,12.298,12.045,11.828,33302.23,38925.82,40715.08,1.05
2016-10-12,12.19,12.48,12.45,12.06,31062.0,0.24,1.97,12.162,11.988,11.75,34652.11,39109.11,42097.97,0.98
2016-10-11,11.92,12.25,12.21,11.84,29997.12,0.34,2.86,12.022,11.945,11.679,37696.12,43365.88,42234.8,0.94
2016-10-10,12.19,12.3,11.89,11.83,43833.56,-0.3,-2.46,11.848,11.918,11.608,41341.67,43313.88,42432.14,1.38
2016-09-30,12.15,12.33,12.18,12.08,28095.78,0.07,0.58,11.788,11.933,11.543,45023.96,42081.81,41854.33,0.88
2016-09-29,11.88,12.17,12.08,11.8,40272.08,0.32,2.72,11.792,11.895,11.456,44549.4,46307.17,41576.65,1.26
2016-09-28,11.35,11.9,11.75,11.23,46282.08,0.41,3.62,11.814,11.842,11.364,43566.12,47364.19,40639.69,1.45
2016-09-27,11.4,11.5,11.34,11.11,48224.83,-0.25,-2.16,11.868,11.767,11.296,49035.64,46456.2,39029.65,1.51
2016-09-26,12.28,12.36,11.59,11.59,62245.01,-0.61,-5.0,11.988,11.765,11.253,45286.09,43856.16,37708.9,1.96
2016-09-23,12.2,12.46,12.2,12.08,25723.0,0.01,0.08,12.078,11.731,11.189,39139.67,40916.11,36213.24,0.81
2016-09-22,12.02,12.36,12.19,12.01,35355.68,0.14,1.16,11.998,11.61,11.105,48064.94,42504.34,36240.45,1.11
2016-09-21,11.9,12.54,12.02,11.89,73629.67,0.08,0.67,11.87,11.511,11.017,51162.27,45086.83,37610.98,2.31
2016-09-20,11.99,12.08,11.94,11.86,29477.1,-0.12,-0.99,11.666,11.412,10.921,43876.77,41103.73,35329.2,0.93
2016-09-19,11.69,12.1,12.04,11.56,31512.91,0.25,2.12,11.542,11.298,10.828,42426.23,41550.39,34847.4,0.99
2016-09-14,11.64,12.12,11.8,11.57,70349.35,0.26,2.25,11.384,11.152,10.736,42692.54,41626.85,34441.66,2.21
2016-09-13,11.05,11.55,11.55,11.05,50842.3,0.55,5.0,11.222,11.016,10.65,36943.73,36846.12,32106.44,1.6
2016-09-12,10.95,11.3,11.0,10.85,37202.2,-0.31,-2.74,11.152,10.886,10.577,39011.38,33915.18,30369.65,1.17
2016-09-09,11.17,11.34,11.32,11.17,22224.4,0.09,0.8,11.158,10.824,10.528,38330.68,31603.1,29256.8,0.7
2016-09-08,11.05,11.3,11.25,10.87,32844.46,0.27,2.46,11.054,10.74,10.457,40674.55,31561.64,28688.18,1.03
2016-09-07,11.13,11.38,10.99,10.96,41605.3,-0.21,-1.88,10.92,10.647,10.384,40561.16,31510.37,27783.35,1.31
2016-09-06,11.03,11.5,11.2,10.98,61180.56,0.18,1.63,10.81,10.599,10.335,36748.51,29976.57,26255.28,1.92
2016-09-05,10.9,11.13,11.03,10.78,33798.7,0.25,2.32,10.62,10.523,10.281,28818.98,30135.13,23837.57,1.06
2016-09-02,10.61,10.94,10.8,10.61,33943.75,0.21,1.98,10.49,10.429,10.237,24875.51,29554.68,23001.74,1.07
2016-09-01,10.45,10.75,10.58,10.43,32277.47,0.14,1.34,10.426,10.358,10.193,22448.72,28144.41,23152.76,1.01
2016-08-31,10.24,10.5,10.44,10.24,22542.09,0.17,1.66,10.374,10.32,10.174,22459.58,27256.47,22748.95,0.71
2016-08-30,10.36,10.45,10.25,10.24,21532.9,-0.11,-1.06,10.388,10.283,10.152,23204.62,27366.76,23020.51,0.68
2016-08-29,10.45,10.48,10.38,10.31,14081.33,-0.09,-0.86,10.426,10.267,10.133,31451.28,26824.11,23571.19,0.44
2016-08-26,10.43,10.56,10.48,10.33,21809.82,0.15,1.45,10.368,10.231,10.084,34233.85,26910.5,24188.18,0.69
2016-08-25,10.51,10.51,10.32,10.24,32331.77,-0.21,-1.99,10.29,10.173,10.05,33840.11,25814.72,24060.89,1.02
2016-08-24,10.43,10.56,10.51,10.36,26267.27,0.07,0.67,10.266,10.12,10.023,32053.36,24056.32,23847.51,0.83
2016-08-23,10.13,10.5,10.44,10.13,62766.21,0.38,3.78,10.178,10.07,9.979,31528.91,22534.0,24798.62,1.97
2016-08-22,10.16,10.24,10.09,10.02,27994.17,-0.01,-0.1,10.108,10.038,9.964,22196.94,17540.0,22102.53,0.88
2016-08-19,10.15,10.2,10.09,10.08,19841.11,-0.11,-1.08,10.094,10.044,9.961,19587.15,16448.8,21396.18,0.62
2016-08-18,10.01,10.21,10.2,10.01,23398.04,0.12,1.19,10.056,10.027,9.963,17789.33,18161.11,21204.31,0.73
2016-08-17,10.09,10.24,10.07,9.9,23645.01,-0.02,-0.2,9.974,10.028,9.962,16059.29,18241.44,20750.66,0.74
2016-08-16,10.04,10.16,10.09,10.0,16106.37,0.06,0.6,9.962,10.021,9.973,13539.09,18674.25,20300.7,0.51
2016-08-15,9.8,10.04,10.02,9.8,14945.24,0.12,1.21,9.968,9.998,9.982,12883.07,20318.27,21186.16,0.47
2016-08-12,9.74,9.91,9.9,9.69,10852.0,0.12,1.23,9.994,9.936,9.989,13310.44,21465.86,22842.81,0.34
2016-08-11,9.97,10.04,9.79,9.72,14747.82,-0.23,-2.29,9.998,9.926,9.986,18532.89,22307.07,23076.76,0.46
2016-08-10,10.11,10.16,10.01,10.01,11044.04,-0.1,-0.99,10.082,9.926,9.99,20423.59,23638.69,23552.49,0.35
2016-08-09,10.09,10.17,10.12,10.06,12826.23,-0.03,-0.3,10.08,9.887,9.981,23809.41,27063.24,24038.57,0.4
2016-08-08,9.74,10.17,10.15,9.74,17082.13,0.22,2.22,10.028,9.889,9.967,27753.47,26665.05,24760.71,0.54
2016-08-05,10.24,10.24,9.92,9.88,36964.21,-0.29,-2.84,9.878,9.878,9.945,29621.27,26343.57,25185.3,1.16
2016-08-04,9.98,10.25,10.21,9.98,24201.33,0.21,2.1,9.854,9.899,9.943,26081.25,24247.52,24274.99,0.76
2016-08-03,9.9,10.1,10.0,9.83,27973.15,0.14,1.42,9.77,9.896,9.926,26853.78,23259.88,24461.09,0.88
2016-08-02,9.45,9.86,9.86,9.44,32546.54,0.47,5.0,9.694,9.924,9.915,30317.08,21927.14,24000.13,1.02
2016-08-01,9.76,9.76,9.4,9.32,26421.12,-0.39,-3.98,9.75,9.965,9.906,25576.63,22054.04,23447.93,0.83
2016-07-29,9.8,10.03,9.8,9.73,19264.1,0.01,0.1,9.878,10.042,9.917,23065.87,24219.77,23942.19,0.61
2016-07-28,9.62,9.85,9.79,9.33,28064.01,0.17,1.77,9.944,10.046,9.917,22413.79,23846.45,23830.12,0.88
2016-07-27,10.14,10.29,9.62,9.62,45289.62,-0.51,-5.04,10.022,10.053,9.915,19665.98,23466.3,23604.15,1.42
2016-07-26,10.04,10.16,10.14,10.04,8844.29,0.12,1.2,10.154,10.074,9.924,13537.2,21013.89,23169.59,0.28
2016-07-25,10.15,10.24,10.04,10.0,13867.33,-0.08,-0.79,10.18,10.044,9.883,18531.46,22856.36,23541.37,0.44
2016-07-22,10.27,10.32,10.13,10.07,16003.68,-0.08,-0.78,10.206,10.012,9.849,25373.66,24027.03,23846.47,0.5
2016-07-21,10.31,10.35,10.18,10.18,14325.0,-0.1,-0.97,10.148,9.987,9.803,25279.12,24302.47,24070.83,0.45
2016-07-20,10.4,10.4,10.28,10.23,14645.71,0.0,0.0,10.084,9.955,9.761,27266.61,25662.3,24265.2,0.46
2016-07-19,10.11,10.51,10.27,10.07,33815.57,0.09,0.88,9.994,9.905,9.705,28490.58,26073.13,24674.52,1.06
2016-07-18,9.74,10.32,10.17,9.71,48078.35,0.33,3.35,9.908,9.846,9.641,27181.26,24841.82,26176.4,1.51
2016-07-15,9.87,9.92,9.84,9.79,15530.97,-0.03,-0.3,9.818,9.792,9.606,22680.39,23664.61,25146.93,0.49
2016-07-14,9.77,9.88,9.86,9.72,24262.44,0.03,0.3,9.826,9.788,9.614,23325.82,23813.79,25099.86,0.76
2016-07-13,9.81,9.89,9.83,9.7,20765.55,-0.01,-0.1,9.826,9.777,9.616,24057.99,23742.0,24765.84,0.65
2016-07-12,9.73,9.86,9.84,9.6,27269.0,0.11,1.13,9.816,9.773,9.625,23655.68,25325.29,24813.5,0.86
2016-07-11,9.81,9.93,9.72,9.6,25574.0,-0.17,-1.72,9.784,9.722,9.62,22502.38,24226.37,25382.83,0.8
2016-07-08,9.87,9.93,9.88,9.8,18758.09,0.03,0.3,9.766,9.685,9.634,24648.82,23665.9,27039.27,0.59
2016-07-07,9.82,9.93,9.86,9.75,27923.32,0.07,0.71,9.75,9.619,9.666,24301.76,23839.2,29206.45,0.88
2016-07-06,9.67,9.84,9.78,9.64,18754.0,0.11,1.14,9.728,9.566,9.675,23426.0,22868.09,29396.97,0.59
2016-07-05,9.63,9.73,9.68,9.6,21502.51,0.05,0.52,9.73,9.504,9.676,26994.91,23275.9,29332.12,0.68
2016-07-04,9.7,9.76,9.63,9.3,36306.2,-0.16,-1.63,9.66,9.436,9.676,25950.36,27510.98,29809.95,1.14
2016-07-01,9.73,9.84,9.8,9.62,17022.77,0.06,0.62,9.604,9.42,9.684,22682.99,26629.26,29743.49,0.53
2016-06-30,9.67,9.82,9.75,9.67,23544.52,-0.03,-0.31,9.488,9.439,9.663,23376.63,26385.94,29876.31,0.74
2016-06-29,9.33,9.79,9.79,9.29,36598.53,0.47,5.04,9.404,9.455,9.646,22310.19,25789.69,29894.31,1.15
2016-06-28,9.31,9.39,9.33,9.2,16279.8,-0.02,-0.21,9.278,9.476,9.61,19556.9,24301.71,28750.43,0.51
2016-06-27,9.16,9.36,9.35,9.09,19969.31,0.11,1.19,9.212,9.517,9.602,29071.6,26539.28,29159.07,0.63
2016-06-24,9.28,9.48,9.22,8.87,20491.0,-0.12,-1.28,9.236,9.582,9.588,30575.53,30412.64,29358.97,0.64
2016-06-23,9.18,9.4,9.33,9.1,18212.31,0.18,1.97,9.39,9.713,9.573,29395.25,34573.71,29058.96,0.57
2016-06-22,8.96,9.19,9.16,8.83,22832.07,0.16,1.78,9.506,9.784,9.555,29269.19,35925.85,28992.09,0.72
2016-06-21,9.5,9.57,9.0,9.0,63853.29,-0.47,-4.96,9.674,9.847,9.547,29046.53,35388.35,29126.05,2.01
2016-06-20,9.47,9.54,9.47,9.47,27489.0,-0.5,-5.01,9.822,9.916,9.547,24006.97,32108.92,27610.96,0.86
2016-06-17,9.89,10.1,9.99,9.87,14589.58,0.08,0.81,9.928,9.947,9.502,30249.75,32857.72,28044.93,0.46
2016-06-16,10.08,10.08,9.91,9.71,17582.0,-0.09,-0.9,10.036,9.887,9.439,39752.17,33366.68,28762.65,0.55
2016-06-15,9.51,10.22,10.0,9.51,21718.78,0.26,2.67,10.062,9.837,9.402,42582.52,33998.92,28929.67,0.68
2016-06-14,10.0,10.03,9.74,9.58,38655.51,-0.26,-2.6,10.02,9.744,9.37,41730.16,33199.15,29474.31,1.21
2016-06-13,10.4,10.47,10.0,10.0,58702.89,-0.53,-5.03,10.01,9.686,9.336,40210.86,31778.86,29132.98,1.84
2016-06-08,9.98,10.53,10.53,9.93,62101.66,0.5,4.99,9.966,9.594,9.27,35465.69,28305.29,28115.74,1.95
2016-06-07,9.8,10.06,10.04,9.79,31733.74,0.26,2.66,9.738,9.433,9.194,26981.2,23544.2,28213.36,1.0
2016-06-06,9.71,9.83,9.79,9.65,17457.02,0.09,0.93,9.612,9.326,9.166,25415.33,22058.33,29897.38,0.55
2016-06-03,9.83,9.89,9.69,9.68,31059.01,-0.11,-1.12,9.468,9.247,9.176,24668.14,22863.74,31803.93,0.98
2016-06-02,9.33,9.84,9.78,9.33,34977.03,0.37,3.93,9.362,9.177,9.216,23346.86,23112.99,34590.36,1.1
2016-06-01,9.4,9.6,9.39,9.36,19679.18,-0.02,-0.21,9.222,9.056,9.279,21144.9,23232.14,36375.71,0.62
2016-05-31,9.14,9.44,9.41,9.04,23904.4,0.34,3.75,9.128,8.99,9.375,20107.21,24158.62,37793.27,0.75
2016-05-30,9.01,9.2,9.07,8.92,13721.1,-0.07,-0.77,9.04,8.967,9.465,18701.34,23860.43,38627.14,0.43
2016-05-27,9.01,9.23,9.16,8.88,24452.58,0.1,1.1,9.026,8.995,9.561,21059.34,25749.47,40320.15,0.77
2016-05-26,8.94,9.08,9.08,8.7,23967.22,0.14,1.57,8.992,8.985,9.659,22879.13,26487.09,43291.07,0.75
2016-05-25,9.1,9.12,8.92,8.88,14490.76,-0.03,-0.34,8.89,8.945,9.74,25319.39,27926.19,44452.24,0.46
2016-05-24,9.08,9.08,8.97,8.83,16875.02,0.0,0.0,8.852,8.955,9.822,28210.04,32882.52,47093.66,0.53
2016-05-23,8.94,9.11,9.0,8.88,25511.13,0.0,0.0,8.894,9.006,9.91,29019.52,37736.42,48843.53,0.8
2016-05-20,8.52,9.0,8.99,8.38,33551.51,0.42,4.9,8.964,9.104,9.988,30439.59,40744.11,50753.71,1.05
2016-05-19,8.55,8.69,8.57,8.35,36168.52,-0.16,-1.83,8.978,9.255,10.058,30095.06,46067.72,54526.73,1.14
2016-05-18,8.86,9.02,8.73,8.73,28944.0,-0.46,-5.0,9.0,9.502,10.175,30533.0,49519.27,54962.74,0.91
2016-05-17,9.36,9.42,9.18,9.11,20922.43,-0.17,-1.82,9.058,9.759,10.281,37555.01,51427.91,57079.55,0.66
2016-05-16,9.16,9.43,9.35,9.09,32611.5,0.3,3.31,9.118,9.962,10.351,46453.32,53393.86,57774.44,1.02
2016-05-13,8.75,9.1,9.06,8.7,31828.84,0.36,4.14,9.244,10.127,10.408,51048.62,54890.82,59163.48,1.0
2016-05-12,8.88,8.88,8.68,8.58,38358.21,-0.35,-3.88,9.532,10.332,10.473,62040.38,60095.05,60165.82,1.2
2016-05-11,9.55,9.55,9.02,9.01,64054.07,-0.46,-4.85,10.004,10.534,10.562,68505.54,60978.29,60383.36,2.01
2016-05-10,9.7,9.87,9.48,9.48,65413.99,-0.5,-5.01,10.46,10.689,10.62,65300.8,61304.8,59007.85,2.05
2016-05-09,9.98,10.12,9.98,9.98,55588.0,-0.52,-4.95,10.806,10.814,10.65,60334.4,59950.63,57757.16,1.75
2016-05-06,11.05,11.15,10.5,10.5,86787.65,-0.55,-4.98,11.01,10.871,10.661,58733.02,60763.31,57370.22,2.73
2016-05-05,11.35,11.35,11.04,10.83,70684.01,-0.26,-2.3,11.132,10.861,10.641,58149.71,62985.73,55817.07,2.22
2016-05-03,11.24,11.51,11.3,11.18,48030.37,0.08,0.71,11.064,10.847,10.583,53451.03,60406.21,54458.18,1.51
2016-04-29,11.0,11.26,11.21,10.86,40581.97,0.22,2.0,10.918,10.803,10.503,57308.79,62731.2,54090.84,1.27
2016-04-28,11.08,11.18,11.0,10.75,47581.12,-0.09,-0.81,10.822,10.74,10.422,59566.87,62155.02,53774.11,1.49
2016-04-27,10.65,11.24,11.11,10.65,83871.08,0.41,3.83,10.732,10.689,10.342,62793.59,63436.15,53019.74,2.63
2016-04-26,10.5,10.72,10.7,10.31,47190.6,0.14,1.33,10.59,10.613,10.242,67821.75,60236.6,51620.75,1.48
2016-04-25,10.75,11.01,10.57,10.48,67319.2,-0.15,-1.4,10.63,10.589,10.188,67361.39,59788.44,51141.87,2.11
2016-04-22,10.48,10.75,10.73,10.36,51872.34,0.2,1.9,10.688,10.55,10.139,68153.6,56710.91,50247.5,1.63
2016-04-21,10.41,10.58,10.55,10.13,63714.72,0.14,1.34,10.658,10.485,10.066,64743.16,55563.69,49288.59,2.0
2016-04-20,10.97,11.3,10.4,10.37,109011.89,-0.52,-4.76,10.646,10.45,10.004,64078.7,53977.13,47440.43,3.42
2016-04-19,10.96,11.01,10.9,10.73,44888.82,0.02,0.18,10.636,10.421,9.948,52651.44,48648.4,44090.4,1.41
2016-04-18,10.59,10.95,10.86,10.51,71280.22,0.27,2.55,10.548,10.319,9.875,52215.48,48510.16,44531.4,2.24
2016-04-15,10.51,10.64,10.58,10.44,34820.16,0.08,0.76,10.412,10.203,9.798,45268.22,45450.48,43202.36,1.09
2016-04-14,10.35,10.52,10.49,10.18,60392.43,0.13,1.25,10.312,10.103,9.723,46384.21,45393.2,43594.17,1.9
2016-04-13,10.45,10.6,10.35,10.3,51875.57,-0.1,-0.96,10.254,9.994,9.644,43875.55,42603.34,43418.54,1.63
2016-04-12,10.18,10.48,10.46,10.11,42709.03,0.28,2.75,10.206,9.871,9.561,44645.36,43004.9,42394.38,1.34
2016-04-11,10.14,10.35,10.18,10.03,36543.92,0.11,1.09,10.09,9.786,9.472,44804.83,42495.31,42425.45,1.15
2016-04-08,10.04,10.19,10.08,9.87,40400.1,-0.12,-1.18,9.994,9.728,9.381,45632.74,43784.08,42017.9,1.27
2016-04-07,10.12,10.4,10.2,10.06,47849.13,0.09,0.89,9.894,9.647,9.292,44402.2,43013.49,41390.15,1.5
2016-04-06,9.87,10.38,10.11,9.8,55724.64,0.22,2.22,9.734,9.558,9.215,41331.13,40903.74,41008.85,1.75
2016-04-05,9.82,9.92,9.88,9.74,43506.36,0.18,1.86,9.536,9.474,9.143,41364.44,39532.39,39797.98,1.37
2016-04-01,9.56,9.72,9.7,9.42,40683.47,0.12,1.25,9.482,9.43,9.081,40185.79,40552.64,39654.7,1.28
2016-03-31,9.39,9.63,9.58,9.39,34247.38,0.18,1.92,9.462,9.393,9.012,41935.43,40954.24,40614.93,1.08
2016-03-30,9.15,9.49,9.4,9.15,32493.79,0.28,3.07,9.4,9.343,8.952,41624.78,41795.13,41143.48,1.02
2016-03-29,9.62,9.62,9.12,9.12,55891.2,-0.48,-5.0,9.382,9.293,8.895,40476.34,44233.74,42070.06,1.76
2016-03-28,9.65,9.82,9.61,9.52,37613.12,0.01,0.1,9.412,9.251,8.839,37700.35,41783.86,41861.46,1.18
2016-03-25,9.22,9.73,9.6,9.21,49431.64,0.33,3.56,9.378,9.158,8.741,40919.48,42355.58,42993.18,1.55
2016-03-24,9.22,9.4,9.27,9.14,32694.15,-0.03,-0.32,9.324,9.034,8.664,39973.05,40251.71,43468.43,1.03
2016-03-23,9.28,9.33,9.31,9.21,26751.61,0.02,0.21,9.286,8.936,8.623,41965.48,39766.81,44282.87,0.84
2016-03-22,9.28,9.35,9.27,9.2,42011.21,-0.17,-1.8,9.204,8.871,8.601,47991.13,41113.97,45330.79,1.32
2016-03-21,9.38,9.5,9.44,9.32,53708.78,0.1,1.07,9.09,8.812,8.578,45867.37,40063.56,45402.03,1.69
2016-03-18,9.1,9.38,9.33,9.06,44699.5,0.25,2.75,8.938,8.732,8.542,43791.68,38756.76,44302.93,1.4
2016-03-17,8.91,9.12,9.08,8.8,42656.31,0.17,1.91,8.744,8.631,8.505,40530.37,40275.62,43887.21,1.34
2016-03-16,8.92,9.15,8.9,8.76,56879.85,0.19,2.18,8.586,8.561,8.484,37568.13,40491.83,44671.5,1.79
2016-03-15,8.65,8.88,8.7,8.65,31392.42,0.0,0.0,8.538,8.497,8.461,34236.81,39906.39,43976.41,0.99
2016-03-14,8.43,8.77,8.68,8.39,43330.33,0.33,3.95,8.534,8.427,8.445,34259.75,41939.06,43644.98,1.36
2016-03-11,8.3,8.39,8.36,8.12,28392.94,0.06,0.72,8.526,8.323,8.41,33721.83,43630.77,43284.81,0.89
2016-03-10,8.63,8.75,8.29,8.29,27845.12,-0.37,-4.27,8.518,8.294,8.393,40020.88,46685.15,43287.87,0.87
2016-03-09,8.51,8.99,8.66,8.42,40223.25,-0.03,-0.34,8.536,8.309,8.38,43415.54,48798.94,44251.8,1.26
2016-03-08,8.51,8.72,8.68,8.26,31507.11,0.04,0.46,8.456,8.33,8.345,45575.97,49547.62,44350.19,0.99
2016-03-07,8.5,8.65,8.64,8.32,40640.72,0.32,3.85,8.32,8.344,8.295,49618.37,50740.5,44435.69,1.28
2016-03-04,8.38,8.57,8.32,8.13,59888.2,-0.06,-0.72,8.12,8.352,8.233,53539.72,49849.1,44290.06,1.88
2016-03-03,8.33,8.45,8.38,8.22,44818.4,0.12,1.45,8.07,8.379,8.191,53349.42,47498.8,43983.31,1.41
2016-03-02,8.01,8.38,8.26,8.01,51025.42,0.26,3.25,8.082,8.406,8.131,54182.34,48851.17,44491.49,1.6
2016-03-01,7.69,8.01,8.0,7.53,51719.12,0.36,4.71,8.204,8.424,8.097,53519.26,48046.43,44669.77,1.62
2016-02-29,8.15,8.15,7.64,7.64,60247.45,-0.4,-4.97,8.368,8.462,8.095,51862.64,45350.9,44796.49,1.89
2016-02-26,8.2,8.44,8.07,8.02,58936.69,-0.37,-4.38,8.584,8.496,8.133,46158.47,42938.85,43013.97,1.85
2016-02-25,8.84,8.94,8.44,8.44,48983.0,-0.44,-4.96,8.688,8.491,8.142,41648.18,39890.59,41621.99,1.54
2016-02-24,8.87,8.98,8.87,8.68,47710.04,0.06,0.68,8.73,8.451,8.124,43520.01,39704.66,41024.44,1.5
2016-02-23,8.8,8.97,8.82,8.72,43436.0,0.1,1.15,8.644,8.359,8.106,42573.61,39152.76,40989.43,1.36
2016-02-22,8.68,8.77,8.72,8.6,31726.63,0.12,1.4,8.556,8.245,8.092,38839.16,38130.88,41207.51,1.0
2016-02-19,8.58,8.74,8.59,8.42,36385.25,-0.06,-0.69,8.408,8.114,8.069,39719.23,38731.03,42208.74,1.14
2016-02-18,8.59,8.87,8.65,8.45,58342.12,0.2,2.37,8.294,8.002,8.034,38132.99,40467.82,43781.97,1.83
2016-02-17,8.55,8.59,8.44,8.28,42978.04,0.06,0.72,8.172,7.856,7.996,35889.31,40131.8,43630.33,1.35
2016-02-16,8.0,8.38,8.38,7.98,24763.74,0.4,5.01,8.074,7.769,7.971,35731.92,41293.1,44217.26,0.78
2016-02-15,7.75,8.1,7.98,7.65,36127.01,-0.06,-0.75,7.934,7.728,7.967,37422.6,44242.09,45471.04,1.13
2016-02-05,8.13,8.28,8.02,8.02,28454.02,-0.01,-0.12,7.82,7.769,8.006,37742.83,43089.08,45958.24,0.89
2016-02-04,7.93,8.17,8.04,7.9,47123.74,0.09,1.13,7.71,7.793,8.065,42802.66,43353.39,49055.72,1.48
2016-02-03,7.57,8.04,7.95,7.56,42191.09,0.29,3.79,7.54,7.797,8.132,44374.29,42344.23,47592.04,1.33
2016-02-02,7.41,7.75,7.68,7.41,33217.14,0.27,3.64,7.464,7.852,8.229,46854.28,42826.1,49027.66,1.04
2016-02-01,7.47,7.53,7.41,7.32,37728.15,-0.07,-0.94,7.522,7.938,8.326,51061.58,44284.14,52434.04,1.19
2016-01-29,7.21,7.51,7.47,7.01,53753.19,0.28,3.89,7.718,8.024,8.46,48435.33,45686.45,54179.28,1.69
2016-01-28,7.55,7.69,7.19,7.19,54981.87,-0.38,-5.02,7.876,8.065,8.617,43904.12,47096.12,55987.94,1.73
2016-01-27,7.72,8.09,7.57,7.57,54591.05,-0.4,-5.02,8.054,8.136,8.799,40314.17,47128.86,59044.85,1.71
2016-01-26,8.35,8.69,7.97,7.97,54253.64,-0.42,-5.01,8.24,8.172,8.975,38797.93,47141.42,60505.2,1.7
2016-01-25,8.33,8.5,8.39,8.26,24596.91,0.11,1.33,8.354,8.206,9.115,37506.7,46699.98,64151.23,0.77
2016-01-22,8.09,8.31,8.26,8.03,31097.12,0.18,2.23,8.33,8.242,9.262,42937.56,48827.4,68554.79,0.98
2016-01-21,8.38,8.6,8.08,8.08,37032.11,-0.43,-5.05,8.254,8.337,9.406,50288.13,54758.06,70525.31,1.16
2016-01-20,8.53,8.76,8.5,8.37,47009.85,-0.04,-0.47,8.218,8.467,9.571,53943.55,52839.84,74157.91,1.48
2016-01-19,8.23,8.67,8.54,8.1,47797.52,0.27,3.27,8.104,8.605,9.726,55484.9,55229.22,76042.15,1.5
2016-01-18,7.68,8.28,8.27,7.63,51751.21,0.38,4.82,8.058,8.714,9.851,55893.27,60583.93,81209.97,1.63
2016-01-15,7.96,8.3,7.88,7.86,67849.96,-0.02,-0.25,8.154,8.896,9.984,54717.25,62672.11,85972.83,2.13
2016-01-14,7.54,7.95,7.9,7.54,55309.21,-0.04,-0.5,8.42,9.169,10.113,59227.98,64879.75,86378.32,1.74
2016-01-13,8.25,8.43,7.93,7.92,54716.62,-0.38,-4.57,8.716,9.462,10.233,51736.14,70960.84,86441.16,1.72
2016-01-12,8.39,8.66,8.31,8.31,49839.33,-0.44,-5.03,9.106,9.777,10.353,54973.54,73868.99,86440.65,1.57
2016-01-11,9.03,9.08,8.75,8.75,45871.11,-0.46,-5.0,9.37,10.024,10.438,65274.59,81602.48,87788.61,1.44
2016-01-08,9.09,9.37,9.21,8.91,90403.64,-0.17,-1.81,9.638,10.281,10.512,70626.98,88282.18,90934.64,2.84
2016-01-07,9.78,9.78,9.38,9.38,17850.0,-0.49,-4.96,9.918,10.475,10.567,70531.52,86292.57,89644.25,0.56
2016-01-06,9.65,9.96,9.88,9.46,70903.64,0.28,2.92,10.208,10.674,10.59,90185.54,95475.97,91828.5,2.23
2016-01-05,9.59,9.77,9.63,9.59,101344.57,-0.46,-4.56,10.448,10.846,10.598,92764.43,96855.07,92848.48,3.18
2016-01-04,10.61,10.69,10.09,10.09,72633.04,-0.53,-4.99,10.678,10.987,10.632,97930.36,101836.01,91640.99,2.28
2015-12-31,10.88,10.96,10.61,10.55,89926.36,-0.21,-1.94,10.924,11.072,10.624,105937.37,109273.55,90829.73,2.82
2015-12-30,11.0,11.1,10.83,10.75,116120.09,-0.27,-2.43,11.032,11.057,10.586,102053.62,107876.89,88636.85,3.65
2015-12-29,10.67,11.18,11.08,10.54,83798.11,0.3,2.78,11.14,11.003,10.527,100766.4,101921.48,86144.71,2.63
2015-12-28,11.25,11.35,10.78,10.78,127174.22,-0.57,-5.02,11.244,10.928,10.446,100945.7,99012.31,85560.78,3.99
2015-12-25,11.16,11.64,11.32,11.15,112668.09,0.17,1.52,11.296,10.852,10.359,105741.66,93974.74,83740.64,3.54
2015-12-24,11.31,11.38,11.15,10.95,70507.61,-0.23,-2.02,11.22,10.743,10.261,112609.72,93587.1,82294.18,2.21
2015-12-23,11.7,11.78,11.37,11.29,109683.99,-0.23,-1.98,11.082,10.659,10.194,113700.15,92995.94,81887.35,3.45
2015-12-22,10.91,11.6,11.6,10.88,84694.59,0.55,4.98,10.866,10.505,10.121,103076.56,88181.04,80094.36,2.66
2015-12-21,10.95,11.15,11.04,10.67,151154.02,0.09,0.82,10.612,10.349,10.023,97078.91,88841.9,83053.97,4.75
2015-12-18,10.64,10.98,10.94,10.5,147008.41,0.48,4.59,10.408,10.276,9.972,82207.82,81445.98,80884.36,4.62
2015-12-17,10.39,10.5,10.46,10.27,75959.76,0.18,1.75,10.266,10.176,9.953,74564.47,72385.91,76571.38,2.39
2015-12-16,10.28,10.53,10.29,10.22,56566.02,-0.07,-0.68,10.236,10.115,9.948,72291.72,69396.81,74815.63,1.78
2015-12-15,10.0,10.38,10.33,9.95,54706.35,0.32,3.2,10.144,10.051,9.948,73285.52,70367.93,75496.99,1.72
2015-12-14,9.95,10.03,10.02,9.73,76798.57,-0.21,-2.05,10.086,9.964,9.941,80604.89,72109.26,79187.54,2.41
2015-12-11,10.38,10.78,10.23,10.18,108791.66,-0.08,-0.78,10.144,9.865,9.96,80684.13,73506.54,79873.1,3.42
2015-12-10,9.76,10.31,10.31,9.75,64596.0,0.49,4.99,10.086,9.778,9.945,70207.35,71001.26,79147.69,2.03
2015-12-09,10.0,10.09,9.83,9.65,61535.0,-0.18,-1.8,9.994,9.728,9.913,66501.9,70778.77,79964.55,1.93
2015-12-08,10.24,10.49,10.04,9.9,91303.22,-0.27,-2.62,9.958,9.736,9.908,67450.35,72007.67,81516.11,2.87
2015-12-07,9.92,10.42,10.31,9.9,77194.77,0.38,3.83,9.842,9.696,9.876,63613.63,77266.03,81343.78,2.42
2015-12-04,9.8,10.06,9.94,9.8,56407.77,0.09,0.91,9.586,9.667,9.825,66328.95,80322.74,82002.81,1.77
2015-12-03,9.61,9.97,9.85,9.56,46068.73,0.24,2.5,9.47,9.729,9.798,71795.16,80756.85,84150.66,1.45
2015-12-02,9.49,9.85,9.65,9.38,66277.26,0.19,2.01,9.462,9.781,9.753,75055.64,80234.45,84997.42,2.08
2015-12-01,9.05,9.46,9.46,8.93,72119.63,0.45,4.99,9.514,9.845,9.72,76564.99,80626.05,85209.28,2.27
2015-11-30,9.3,9.39,9.03,8.9,90771.37,-0.34,-3.63,9.55,9.918,9.684,90918.43,86265.83,84448.24,2.85
2015-11-27,9.81,10.11,9.36,9.33,83738.82,-0.46,-4.68,9.748,10.055,9.666,94316.52,86239.66,83062.0,2.63
2015-11-26,9.93,9.99,9.81,9.75,62371.1,-0.1,-1.01,9.988,10.111,9.642,89718.54,87294.11,82157.18,1.96
2015-11-25,9.64,9.99,9.91,9.6,73824.05,0.28,2.91,10.1,10.098,9.589,85413.27,89150.34,82154.99,2.32
2015-11-24,9.77,9.87,9.64,9.52,143886.8,-0.38,-3.79,10.176,10.079,9.527,84687.11,91024.54,83691.17,4.52
2015-11-23,10.26,10.43,10.02,10.02,107761.85,-0.53,-5.02,10.286,10.055,9.487,81613.22,85421.54,83264.46,3.38
2015-11-20,10.36,10.75,10.56,10.28,60748.91,0.18,1.73,10.362,9.983,9.409,78162.8,83682.89,81960.76,1.91
2015-11-19,10.36,10.5,10.37,10.25,40844.75,0.08,0.78,10.234,9.867,9.296,84869.69,87544.46,82900.32,1.28
2015-11-18,10.2,10.5,10.29,10.18,70193.23,0.1,0.98,10.096,9.725,9.181,92887.4,89760.38,84199.7,2.2
2015-11-17,10.61,10.89,10.19,10.16,128517.38,-0.21,-2.02,9.982,9.594,9.064,97361.98,89792.51,85622.59,4.04
2015-11-16,9.65,10.4,10.4,9.64,90509.71,0.5,5.05,9.824,9.45,8.973,89229.85,82630.65,82826.6,2.84
2015-11-13,9.56,9.98,9.92,9.3,94283.36,0.24,2.48,9.604,9.276,8.868,89202.97,79884.34,82814.08,2.96
2015-11-12,9.78,9.87,9.68,9.53,80933.33,-0.05,-0.51,9.5,9.172,8.785,90219.23,77020.24,83225.84,2.54
2015-11-11,9.41,9.87,9.72,9.32,92566.12,0.32,3.4,9.354,9.08,8.709,86633.36,75159.64,82822.5,2.91
2015-11-10,9.28,9.57,9.4,9.21,87856.75,0.1,1.07,9.206,8.974,8.62,82223.05,76357.79,81282.45,2.76
2015-11-09,9.25,9.38,9.3,9.09,90375.31,-0.1,-1.06,9.076,8.919,8.558,76031.45,81107.39,79974.87,2.84
2015-11-06,8.95,9.4,9.4,8.93,99364.64,0.45,5.03,8.948,8.834,8.497,70565.7,80238.64,79268.72,3.12
2015-11-05,8.98,9.08,8.95,8.86,63003.98,-0.03,-0.33,8.844,8.724,8.419,63821.24,78256.18,77384.25,1.98
2015-11-04,8.75,9.0,8.98,8.75,70514.56,0.24,2.75,8.806,8.637,8.358,63685.91,78639.02,77225.7,2.21
2015-11-03,8.74,8.88,8.75,8.61,56898.77,0.09,1.04,8.742,8.533,8.289,70492.53,81452.67,76364.46,1.79
2015-11-02,8.7,9.0,8.66,8.53,63046.54,-0.22,-2.48,8.762,8.495,8.217,86183.33,83022.54,75202.8,1.98
2015-10-30,8.74,9.02,8.88,8.58,65642.36,0.14,1.6,8.72,8.46,8.156,89911.58,85743.83,73739.76,2.06
2015-10-29,8.61,8.82,8.76,8.5,62327.34,0.12,1.39,8.604,8.398,8.079,92691.12,89431.45,73331.54,1.96
2015-10-28,8.88,9.11,8.66,8.55,104547.65,-0.19,-2.15,8.468,8.337,8.024,93592.12,90485.37,72947.84,3.28
2015-10-27,8.38,8.85,8.85,8.24,135352.75,0.42,4.98,8.324,8.266,7.971,92412.81,86207.11,69739.91,4.25
2015-10-26,8.29,8.57,8.45,8.23,81687.79,0.17,2.05,8.228,8.196,7.917,79861.75,78842.35,66361.22,2.57
2015-10-23,8.09,8.31,8.3,7.98,79540.06,0.22,2.72,8.2,8.159,7.882,81576.09,78298.8,65676.94,2.5
2015-10-22,7.85,8.12,8.08,7.73,66832.37,0.14,1.76,8.192,8.114,7.849,86171.77,76512.32,65631.33,2.1
2015-10-21,8.36,8.6,7.94,7.94,98651.06,-0.42,-5.02,8.206,8.078,7.808,87378.61,75812.39,65730.45,3.1
2015-10-20,8.3,8.42,8.37,8.23,72597.47,0.03,0.36,8.208,8.044,7.778,80001.42,71276.25,64508.68,2.28
2015-10-19,8.24,8.37,8.31,8.11,90259.48,0.07,0.85,8.164,7.939,7.71,77822.95,67383.05,64265.81,2.84
2015-10-16,8.18,8.28,8.26,8.01,102518.49,0.1,1.23,8.118,7.851,7.664,75021.52,61735.68,65843.65,3.22
2015-10-15,7.86,8.18,8.15,7.84,72866.57,0.2,2.52,8.036,7.759,7.64,66852.87,57231.64,67710.03,2.29
2015-10-14,8.12,8.17,7.95,7.89,61765.07,-0.2,-2.45,7.95,7.711,7.603,64246.16,55410.3,69084.68,1.94
2015-10-13,8.08,8.22,8.15,7.99,61705.14,0.06,0.74,7.88,7.676,7.583,62551.08,53272.72,72256.79,1.94
2015-10-12,7.85,8.13,8.08,7.81,76252.32,0.24,3.06,7.714,7.638,7.535,56943.15,53880.1,73051.18,2.4
2015-10-09,7.66,7.88,7.85,7.63,61675.26,0.14,1.82,7.584,7.604,7.481,48449.85,53055.07,73366.1,1.94
2015-10-08,7.7,7.78,7.72,7.61,59833.01,0.13,1.71,7.482,7.583,7.438,47610.41,54750.34,76632.21,1.88
2015-09-30,7.27,7.69,7.6,7.27,53289.67,0.28,3.83,7.472,7.537,7.42,46574.45,55648.51,81556.61,1.67
2015-09-29,7.28,7.42,7.32,7.23,33665.5,-0.1,-1.35,7.472,7.511,7.39,43994.35,57741.12,82573.03,1.06
2015-09-28,7.35,7.44,7.43,7.11,33785.79,0.09,1.23,7.562,7.481,7.391,50817.04,61148.58,85543.79,1.06
2015-09-25,7.63,7.74,7.34,7.29,57478.1,-0.33,-4.3,7.624,7.477,7.369,57660.29,69951.62,89901.45,1.81
2015-09-24,7.6,7.76,7.67,7.55,54653.18,0.08,1.05,7.684,7.521,7.357,61890.28,78188.43,92647.24,1.72
2015-09-23,7.6,7.69,7.6,7.44,40389.19,-0.16,-2.06,7.602,7.495,7.347,64722.58,82759.05,90115.48,1.27
2015-09-22,7.73,7.89,7.77,7.66,67778.94,0.04,0.52,7.55,7.489,7.36,71487.88,91240.87,88628.12,2.13
2015-09-21,7.5,7.77,7.74,7.4,68002.06,0.1,1.31,7.4,7.431,7.385,71480.11,92222.27,89593.89,2.14
2015-09-18,7.33,7.64,7.64,7.21,78628.01,0.36,4.95,7.33,7.358,7.433,82242.94,93677.13,92392.82,2.47
2015-09-17,7.34,7.46,7.26,7.14,68814.69,-0.1,-1.36,7.358,7.293,7.498,94486.57,98514.08,95599.21,2.16
2015-09-16,7.05,7.37,7.34,6.76,74215.7,0.32,4.56,7.388,7.303,7.586,100795.52,107464.7,97992.22,2.33
2015-09-15,7.03,7.2,7.02,7.02,67740.11,-0.37,-5.01,7.428,7.269,7.694,110993.85,107404.94,100049.02,2.13
2015-09-14,7.86,7.93,7.39,7.39,121816.18,-0.39,-5.01,7.462,7.301,7.813,112964.42,109939.0,103968.02,3.83
2015-09-11,7.35,7.78,7.78,7.35,139846.19,0.37,4.99,7.386,7.261,7.901,105111.33,109851.27,106311.27,4.39
2015-09-10,7.45,7.78,7.41,7.36,100359.43,-0.13,-1.72,7.228,7.193,7.964,102541.59,107106.06,107163.72,3.15
2015-09-09,7.18,7.54,7.54,7.18,125207.35,0.36,5.01,7.218,7.199,8.023,114133.89,97471.91,112898.85,3.93
2015-09-08,6.91,7.26,7.19,6.84,77592.96,0.19,2.71,7.11,7.231,8.06,103816.03,86015.38,107805.2,2.44
2015-09-07,7.0,7.28,7.01,6.89,82550.71,0.02,0.29,7.14,7.339,8.095,106913.58,86965.5,106479.58,2.59
2015-09-02,6.99,7.34,6.99,6.99,126997.52,-0.37,-5.03,7.136,7.507,8.121,114591.22,91108.51,108117.91,3.99
2015-09-01,7.06,7.36,7.36,6.92,158320.89,0.35,4.99,7.158,7.703,8.153,111670.52,92684.34,111362.58,4.97
2015-08-31,7.39,7.4,7.0,7.0,73618.08,-0.34,-4.63,7.18,7.869,8.177,80809.94,88519.74,120262.4,2.31
2015-08-28,7.17,7.34,7.34,7.01,93080.7,0.35,5.01,7.352,8.118,8.211,68214.72,92693.1,117663.59,2.92
2015-08-27,7.0,7.21,6.99,6.75,120938.91,-0.11,-1.55,7.538,8.325,8.248,67017.43,97997.04,117084.57,3.8
2015-08-26,7.1,7.35,7.1,7.1,112394.01,-0.37,-4.95,7.878,8.541,8.324,67625.8,102771.26,116762.67,3.53
2015-08-25,7.47,7.47,7.47,7.47,4018.0,-0.39,-4.96,8.248,8.734,8.417,73698.16,107221.38,118880.03,0.13
2015-08-24,7.86,7.86,7.86,7.86,10642.0,-0.41,-4.96,8.558,8.847,8.505,96229.54,128325.78,119064.78,0.33
2015-08-21,8.35,8.63,8.27,8.27,87094.21,-0.43,-4.94,8.884,8.889,8.597,117171.47,129595.03,125545.46,2.74
2015-08-20,8.89,9.23,8.69,8.6,123980.77,-0.25,-2.8,9.112,8.851,8.697,128976.65,125993.66,133230.7,3.89
2015-08-19,8.57,8.97,8.95,8.57,142755.8,-0.07,-0.78,9.204,8.734,8.756,137916.72,125127.3,134498.07,4.48
2015-08-18,9.48,9.6,9.02,9.02,116674.92,-0.47,-4.95,9.22,8.603,8.778,140744.6,130040.83,138922.63,3.66
2015-08-17,9.28,9.58,9.49,9.18,115351.63,0.09,0.96,9.136,8.485,8.779,160422.03,152005.05,140187.88,3.62
2015-08-14,9.19,9.6,9.41,9.02,146120.11,0.27,2.95,8.894,8.304,8.734,142018.59,142634.09,143241.4,4.59
2015-08-13,8.95,9.15,9.15,8.71,168681.16,0.12,1.33,8.59,8.171,8.673,123010.66,136172.1,143435.93,5.3
2015-08-12,8.55,9.03,9.03,8.3,156895.19,0.43,5.0,8.264,8.107,8.606,112337.88,130754.07,145168.91,4.93
2015-08-11,8.69,8.69,8.6,8.3,215062.05,0.32,3.87,7.986,8.1,8.565,119337.06,130538.68,140651.95,6.76
2015-08-10,8.27,8.28,8.28,8.21,23334.45,0.39,4.94,7.834,8.162,8.568,143588.08,109803.77,142045.96,0.73
2015-08-07,7.59,7.89,7.89,7.59,51080.47,0.38,5.06,7.714,8.304,8.604,143249.59,121495.88,156903.37,1.6
2015-08-06,7.43,7.69,7.52,7.28,115317.24,-0.11,-1.44,7.752,8.542,8.66,149333.54,140467.74,174277.65,3.62
2015-08-05,7.68,7.87,7.64,7.55,191891.08,-0.19,-2.43,7.95,8.777,8.712,149170.26,143868.84,184644.01,6.03
2015-08-04,7.3,7.84,7.84,7.3,336317.16,0.16,2.08,8.214,8.953,8.749,141740.29,147804.44,175124.91,10.56
2015-08-03,7.68,7.68,7.68,7.68,21642.0,-0.4,-4.95,8.49,9.072,8.798,76019.46,128370.7,158340.75,0.68
2015-07-31,8.1,8.11,8.08,8.08,81500.2,-0.43,-5.05,8.894,9.164,8.878,99742.17,143848.71,158977.7,2.56
2015-07-30,8.92,8.92,8.51,8.51,114500.87,-0.45,-5.02,9.332,9.175,8.962,131601.95,150699.76,155187.29,3.6
2015-07-29,8.77,9.14,8.96,8.76,154741.23,-0.26,-2.82,9.604,9.104,9.051,138567.42,159583.76,151772.95,4.86
2015-07-28,9.22,9.22,9.22,9.22,7713.0,-0.48,-4.95,9.692,9.029,9.144,153868.58,150765.23,150938.89,0.24
2015-07-27,9.72,9.88,9.7,9.7,140255.56,-0.51,-5.0,9.654,8.973,9.252,180721.93,174288.15,158737.07,4.41
2015-07-24,10.09,10.36,10.27,9.9,240799.11,0.4,4.05,9.434,8.904,9.367,187955.24,192310.86,153119.89,7.56
2015-07-23,9.25,9.87,9.87,9.25,149328.19,0.47,5.0,9.018,8.777,9.484,169797.57,208087.56,143627.69,4.69
2015-07-22,9.39,9.48,9.4,9.04,231247.06,0.37,4.1,8.604,8.646,9.655,180600.1,225419.18,141244.37,7.26
2015-07-21,8.6,9.03,9.03,8.42,141979.75,0.43,5.0,8.366,8.544,9.859,147661.88,202445.38,137458.16,4.46
2015-07-20,8.33,8.6,8.6,8.26,176422.09,0.41,5.01,8.292,8.523,10.09,167854.37,188310.8,133038.23,5.54
2015-07-17,7.7,8.19,8.19,7.7,150010.77,0.39,5.0,8.374,8.591,10.379,196666.47,174106.69,126880.32,4.71
2015-07-16,7.8,8.01,7.8,7.8,203340.81,-0.41,-4.99,8.536,8.749,10.726,246377.55,159674.81,124854.25,6.39
2015-07-15,8.26,8.43,8.21,8.21,66556.0,-0.43,-4.98,8.688,8.997,11.092,270238.27,143962.14,120324.04,2.09
2015-07-14,8.73,9.25,8.66,8.59,242942.2,-0.35,-3.88,8.722,9.258,11.466,257228.87,151112.54,121299.54,7.63
2015-07-13,8.8,9.37,9.01,8.57,320482.59,0.01,0.11,8.754,9.531,11.858,208767.23,143185.99,116267.12,10.07
2015-07-10,8.15,9.0,9.0,8.14,398566.16,0.43,5.02,8.808,9.829,12.277,151546.91,113928.93,105223.71,12.52
2015-07-09,7.96,8.77,8.56,7.96,322644.38,0.18,2.15,8.962,10.191,12.675,72972.08,79167.81,91820.19,10.13
2015-07-08,8.38,8.38,8.38,8.38,1509.0,-0.44,-4.99,9.306,10.663,13.086,17686.01,57069.55,83380.52,0.05
2015-07-07,8.82,8.82,8.82,8.82,634.0,-0.46,-4.96,9.794,11.173,13.466,44996.22,72470.94,93800.07,0.02
2015-07-06,10.2,10.2,9.28,9.28,34381.0,-0.49,-5.01,10.308,11.657,13.866,77604.75,77765.66,99878.45,1.08
2015-07-03,9.77,9.77,9.77,9.77,5692.0,-0.51,-4.96,10.85,12.167,14.288,76310.95,79653.95,108895.62,0.18
2015-07-02,10.28,10.5,10.28,10.28,46214.03,-0.54,-4.99,11.42,12.703,14.678,85363.55,90033.7,123238.76,1.45
2015-07-01,11.39,11.74,10.82,10.82,138060.05,-0.57,-5.0,12.02,13.187,15.002,96453.1,96685.94,124663.61,4.34
2015-06-30,11.39,11.76,11.39,11.39,163676.66,-0.6,-5.0,12.552,13.673,15.258,99945.67,91486.55,118102.5,5.14
2015-06-29,12.6,12.6,11.99,11.99,27912.0,-0.63,-4.99,13.006,14.185,15.448,77926.56,89348.25,112065.66,0.88
2015-06-26,12.88,12.93,12.62,12.62,50955.0,-0.66,-4.97,13.484,14.724,15.572,82996.95,96518.49,122356.26,1.6
2015-06-25,13.64,13.85,13.28,13.02,101661.79,-0.18,-1.34,13.986,15.159,15.63,94703.84,104472.56,127390.55,3.19
2015-06-24,13.93,14.18,13.48,13.02,155522.91,-0.18,-1.32,14.354,15.509,15.638,96918.77,109691.49,130931.68,4.88
2015-06-23,13.66,14.0,13.66,13.66,53581.12,-0.72,-5.01,14.794,15.759,15.65,83027.42,115129.19,131049.38,1.68
2015-06-19,14.55,14.77,14.38,14.38,53263.95,-0.76,-5.02,15.364,16.075,15.66,100769.94,121991.24,136341.19,1.67
2015-06-18,15.87,15.87,15.13,15.1,109489.44,0.02,0.13,15.964,16.408,15.639,110040.02,138137.29,141821.73,3.44
2015-06-17,15.48,15.68,15.12,14.9,112736.44,-0.56,-3.57,16.332,16.653,15.558,114241.28,156443.83,142866.08,3.54
2015-06-16,15.96,15.96,15.68,15.68,86066.15,-0.83,-5.03,16.664,16.816,15.446,122464.2,152641.28,147918.25,2.7
2015-06-15,17.13,17.53,16.51,16.51,142293.72,-0.87,-5.01,16.724,16.843,15.288,147230.96,144718.45,146361.38,4.47
2015-06-12,17.12,17.77,17.38,16.92,99614.36,0.41,2.42,16.786,16.711,15.059,143212.53,134783.07,144113.48,3.13
2015-06-11,16.78,17.17,16.97,16.49,130495.73,0.19,1.13,16.852,16.42,14.758,166234.56,148194.03,153249.2,4.1
2015-06-10,16.22,16.78,16.78,16.02,153851.06,0.8,5.01,16.974,16.101,14.468,198646.39,150308.54,149866.93,4.83
2015-06-09,15.98,16.54,15.98,15.98,209899.94,-0.84,-4.99,16.968,15.767,14.16,182818.35,152171.88,147902.96,6.59
2015-06-08,17.29,17.3,16.82,16.82,122201.58,-0.89,-5.03,16.962,15.541,13.867,142205.95,146969.58,143100.89,3.84
2015-06-05,18.41,18.43,17.71,16.82,214724.48,0.13,0.74,16.636,15.244,13.531,126353.6,150691.14,141953.97,6.74
2015-06-04,17.58,17.59,17.58,15.91,292554.88,0.83,4.96,15.988,14.87,13.136,130153.49,145506.16,134778.55,9.19
2015-06-03,16.75,16.75,16.75,16.05,74710.88,0.8,5.02,15.228,14.463,12.736,101970.69,129288.32,123992.73,2.35
2015-06-02,15.95,15.95,15.95,15.95,6837.91,0.76,5.0,14.566,14.075,12.385,121525.4,143195.22,125085.52,0.21
2015-06-01,15.16,15.19,15.19,15.0,42939.86,0.72,4.98,14.12,13.733,12.087,151733.21,148004.3,130845.18,1.35
2015-05-29,14.01,14.47,14.47,13.09,233723.94,0.69,5.01,13.852,13.407,11.822,175028.68,153443.9,137272.13,7.34
2015-05-28,13.46,14.11,13.78,13.46,151640.84,0.34,2.53,13.752,13.096,11.609,160858.83,158304.36,147332.93,4.76
2015-05-27,13.73,13.91,13.44,13.38,172484.47,-0.28,-2.04,13.698,12.834,11.45,156605.95,149425.33,140878.74,5.42
2015-05-26,13.84,14.0,13.72,13.63,157876.94,-0.13,-0.94,13.584,12.553,11.336,164865.04,143634.05,155828.37,4.96
2015-05-25,13.82,14.48,13.85,13.59,159417.23,-0.12,-0.86,13.346,12.193,11.169,144275.4,139232.21,162250.55,5.01
2015-05-22,13.98,14.18,13.97,13.4,162874.66,0.46,3.4,12.962,11.817,10.992,131859.11,133216.8,167025.85,5.12
2015-05-21,12.88,13.51,13.51,12.7,130376.43,0.64,4.97,12.44,11.401,10.805,155749.9,124050.94,172496.93,4.1
2015-05-20,13.16,13.16,12.87,12.45,213779.95,0.34,2.71,11.97,11.008,10.639,142244.71,118697.14,175170.7,6.71
2015-05-19,12.4,12.53,12.53,12.15,54928.71,0.6,5.03,11.522,10.695,10.479,122403.06,106975.82,173992.23,1.73
2015-05-18,11.15,11.93,11.93,11.0,97335.79,0.57,5.02,11.04,10.44,10.356,134189.03,113686.05,179967.24,3.06
2015-05-15,11.72,11.72,11.36,11.32,282328.62,0.2,1.79,10.672,10.237,10.262,134574.49,121100.36,182203.53,8.87
2015-05-14,10.99,11.16,11.16,10.98,62850.46,0.53,4.99,10.362,10.121,10.202,92351.99,136361.5,177153.92,1.97
2015-05-13,10.11,10.63,10.63,10.05,114571.71,0.51,5.04,10.046,10.065,10.189,95149.58,132332.15,185014.85,3.6
2015-05-12,10.06,10.19,10.12,10.0,113858.55,0.03,0.3,9.868,10.118,10.194,91548.58,168022.69,188300.95,3.58
2015-05-11,9.85,10.1,10.09,9.77,99263.11,0.28,2.85,9.84,10.145,10.218,93183.08,185268.9,189352.08,3.12
2015-05-08,9.63,9.94,9.81,9.63,71216.1,0.23,2.4,9.802,10.167,10.234,107626.22,200834.9,194204.92,2.24
2015-05-07,9.74,9.98,9.58,9.5,76838.45,-0.16,-1.64,9.88,10.209,10.281,180371.01,220942.92,201034.17,2.41
2015-05-06,10.07,10.14,9.74,9.62,96566.67,-0.24,-2.4,10.084,10.269,10.36,169514.72,231644.25,209821.13,3.03
2015-05-05,9.92,10.29,9.98,9.86,122031.05,0.08,0.81,10.368,10.262,10.41,244496.81,241008.65,215420.35,3.83
2015-05-04,10.1,10.21,9.9,9.84,171478.83,-0.3,-2.94,10.45,10.272,10.434,277354.72,246248.43,220629.72,5.39
2015-04-30,10.07,10.6,10.2,10.07,434940.03,-0.4,-3.77,10.532,10.286,10.458,294043.58,243306.71,219063.95,13.66
2015-04-29,10.6,10.6,10.6,10.6,22557.0,-0.56,-5.02,10.538,10.283,10.463,261514.84,217946.35,205192.45,0.71
2015-04-27,10.37,11.37,11.16,10.3,471477.12,0.77,7.41,10.454,10.312,10.46,293773.78,237697.55,214838.06,14.81
2015-04-24,10.27,10.42,10.39,10.04,286320.62,0.08,0.78,10.156,10.27,10.419,237520.5,208579.21,200183.91,8.99
2015-04-23,10.21,10.4,10.31,10.04,254923.12,0.08,0.78,10.094,10.29,10.426,215142.13,193435.26,209554.97,8.01
2015-04-22,10.15,10.26,10.23,10.0,272296.34,0.05,0.49,10.04,10.3,10.42,192569.84,187574.95,214677.52,8.55
2015-04-21,9.68,10.25,10.18,9.67,183851.7,0.51,5.27,10.028,10.352,10.371,174377.86,181125.42,211018.18,5.77
2015-04-20,9.99,10.06,9.67,9.55,190210.7,-0.41,-4.07,10.17,10.45,10.335,181621.31,187998.0,212659.69,5.97
2015-04-17,10.09,10.18,10.08,9.89,174428.81,0.04,0.4,10.384,10.557,10.32,179637.93,189832.04,213829.6,5.48
2015-04-16,9.95,10.24,10.04,9.74,142061.66,-0.13,-1.28,10.486,10.595,10.275,171728.39,195011.0,214166.84,4.46
2015-04-15,10.75,10.75,10.17,10.05,181336.45,-0.72,-6.61,10.56,10.63,10.238,182580.05,194821.18,216520.37,5.7
2015-04-14,10.73,11.26,10.89,10.57,220068.95,0.15,1.4,10.676,10.642,10.195,187872.97,192438.55,221358.12,6.91
2015-04-13,10.6,10.9,10.74,10.33,180293.78,0.15,1.42,10.73,10.607,10.106,194374.69,191978.57,221786.33,5.66
2015-04-10,10.35,10.77,10.59,10.2,134881.11,0.18,1.73,10.73,10.568,10.012,200026.16,191788.6,218288.97,4.24
2015-04-09,10.73,10.74,10.41,9.81,196319.98,-0.34,-3.16,10.704,10.561,9.923,218293.62,225674.67,219052.78,6.17
2015-04-08,11.16,11.16,10.75,10.58,207801.02,-0.41,-3.67,10.7,10.539,9.844,207062.31,241780.09,217803.35,6.53
2015-04-07,10.74,11.22,11.16,10.6,252577.56,0.42,3.91,10.608,10.39,9.753,197004.13,240910.95,217267.49,7.93
2015-04-03,10.42,10.86,10.74,10.32,208551.11,0.28,2.68,10.484,10.219,9.639,189582.45,237321.38,216270.1,6.55
2015-04-02,10.38,10.75,10.46,10.31,226218.42,0.07,0.67,10.406,10.082,9.557,183551.04,237827.16,232594.72,7.11
2015-04-01,10.26,10.5,10.39,10.24,140163.45,0.1,0.97,10.418,9.954,9.522,233055.72,233322.67,253711.16,4.4
2015-03-31,10.54,10.58,10.29,10.26,157510.12,-0.25,-2.37,10.378,9.846,9.447,276497.87,238219.55,253345.89,4.95
2015-03-30,10.3,10.77,10.54,10.09,215469.17,0.19,1.84,10.172,9.747,9.336,284817.76,250277.69,250595.17,6.77
2015-03-27,10.48,10.64,10.35,10.11,178394.06,-0.17,-1.62,9.954,9.605,9.223,285060.31,251594.09,244948.86,5.6
2015-03-26,10.31,11.18,10.52,10.05,473741.81,0.33,3.24,9.758,9.456,9.117,292103.28,244789.34,239505.9,14.88
2015-03-25,9.18,10.19,10.19,9.09,357374.19,0.93,10.04,9.49,9.284,8.998,233589.62,212430.89,219097.77,11.23
2015-03-24,9.42,9.42,9.26,9.0,199109.59,-0.19,-2.01,9.314,9.149,8.894,199941.23,193826.61,207232.24,6.25
2015-03-23,9.39,9.49,9.45,9.21,216681.88,0.08,0.85,9.322,9.116,8.826,215737.62,193624.02,199809.89,6.81
2015-03-20,9.15,9.41,9.37,9.12,213608.95,0.19,2.07,9.256,9.059,8.747,218127.87,195218.82,192410.28,6.71
2015-03-19,9.3,9.3,9.18,9.1,181173.48,-0.13,-1.4,9.154,9.031,8.663,197475.4,227362.27,184678.12,5.69
2015-03-18,9.27,9.38,9.31,9.1,189132.25,0.01,0.11,9.078,9.09,8.584,191272.16,274099.65,178853.72,5.94
2015-03-17,9.15,9.5,9.3,9.03,278091.53,0.18,1.97,8.984,9.047,8.485,187711.99,268472.23,170704.75,8.73
2015-03-16,8.85,9.18,9.12,8.85,228633.12,0.26,2.94,8.91,8.924,8.385,171510.43,250912.64,159096.58,7.18
2015-03-13,8.8,8.86,8.86,8.66,110346.64,0.06,0.68,8.862,8.84,8.301,172309.76,238303.64,150123.16,3.47
2015-03-12,8.73,8.91,8.8,8.62,150157.27,-0.04,-0.45,8.908,8.778,8.228,257249.14,234222.45,147138.26,4.72
2015-03-11,8.95,9.08,8.84,8.71,171331.41,-0.09,-1.01,9.102,8.711,8.169,356927.14,225764.65,142963.39,5.38
2015-03-10,8.86,9.12,8.93,8.75,197083.69,0.05,0.56,9.11,8.639,8.108,349232.47,220637.86,136565.11,6.19
2015-03-09,9.0,9.04,8.88,8.68,232629.81,-0.21,-2.31,8.938,8.535,8.045,330314.86,205995.76,129494.67,7.31
2015-03-06,9.35,9.4,9.09,8.91,535043.5,-0.68,-6.96,8.818,8.434,7.977,304297.52,189601.75,120919.64,16.81
2015-03-05,9.77,9.77,9.77,9.29,648547.31,0.89,10.02,8.648,8.294,7.9,211195.76,141993.96,104766.32,20.37
2015-03-04,8.07,8.88,8.88,8.02,132858.06,0.81,10.04,8.32,8.077,7.815,94602.16,83607.78,75533.31,4.17
2015-03-03,8.25,8.25,8.07,8.02,102495.6,-0.21,-2.54,8.168,7.922,7.784,92043.25,72937.26,72449.16,3.22
2015-03-02,8.3,8.42,8.28,8.18,102543.12,0.04,0.48,8.132,7.846,7.794,81676.67,67280.51,75088.21,3.22
2015-02-27,8.13,8.25,8.24,8.06,69534.71,0.11,1.35,8.05,7.761,7.781,74905.98,61942.68,75900.45,2.18
2015-02-26,8.15,8.27,8.13,8.01,65579.31,0.01,0.12,7.94,7.677,7.75,72792.16,60054.08,76226.82,2.06
2015-02-25,7.95,8.29,8.12,7.95,120063.53,0.23,2.92,7.834,7.627,7.728,72613.4,60162.14,77660.52,3.77
2015-02-17,7.95,7.96,7.89,7.8,50662.66,0.02,0.25,7.676,7.576,7.698,53831.27,52492.35,77655.65,1.59
2015-02-16,7.68,7.94,7.87,7.68,68689.67,0.18,2.34,7.56,7.555,7.666,52884.36,52993.58,78179.23,2.16
2015-02-13,7.6,7.77,7.69,7.59,58965.65,0.09,1.18,7.472,7.52,7.624,48979.38,52237.54,77809.52,1.85
2015-02-12,7.33,7.65,7.6,7.27,64685.51,0.27,3.68,7.414,7.505,7.606,47315.99,67538.67,77214.11,2.03
2015-02-11,7.31,7.37,7.33,7.27,26152.87,0.02,0.27,7.42,7.553,7.59,47710.87,67458.85,75780.82,0.82
2015-02-10,7.43,7.49,7.31,7.2,45928.1,-0.12,-1.61,7.476,7.645,7.592,51153.43,71961.05,77958.04,1.44
2015-02-09,7.4,7.51,7.43,7.22,49164.77,0.03,0.41,7.55,7.741,7.586,53102.79,82895.9,78170.18,1.54
2015-02-06,7.58,7.75,7.4,7.37,50648.71,-0.23,-3.01,7.568,7.8,7.562,55495.7,89858.23,77760.25,1.59
2015-02-05,7.63,7.81,7.63,7.59,66659.91,0.02,0.26,7.596,7.823,7.546,87761.35,92399.56,77968.78,2.09
2015-02-04,7.7,7.7,7.61,7.57,43365.64,-0.07,-0.91,7.686,7.829,7.529,87206.82,95158.9,77961.56,1.36
2015-02-03,7.56,7.7,7.68,7.53,55674.93,0.16,2.13,7.814,7.82,7.506,92768.68,102818.95,77809.19,1.75
2015-02-02,7.38,7.64,7.52,7.32,61129.33,-0.02,-0.27,7.932,7.776,7.483,112689.01,103364.88,77440.46,1.92
2015-01-30,7.81,7.94,7.54,7.33,211976.95,-0.54,-6.68,8.032,7.727,7.463,124220.75,103381.5,77154.67,6.66
2015-01-29,8.15,8.24,8.08,7.98,63887.26,-0.17,-2.06,8.05,7.706,7.435,97037.77,86889.55,68611.82,2.01
2015-01-28,8.19,8.38,8.25,8.06,71174.92,-0.02,-0.24,7.972,7.627,7.376,103110.99,84102.79,68555.84,2.24
2015-01-27,8.08,8.38,8.27,7.95,155276.59,0.25,3.12,7.826,7.538,7.32,112869.23,83955.03,67767.72,4.88
2015-01-26,7.64,8.09,8.02,7.6,118788.01,0.39,5.11,7.62,7.43,7.275,94040.75,73444.46,62597.84,3.73
2015-01-23,7.7,7.75,7.63,7.52,76062.08,-0.06,-0.78,7.422,7.323,7.244,82542.25,65662.28,58400.1,2.39
2015-01-22,7.48,7.72,7.69,7.43,94253.33,0.17,2.26,7.362,7.269,7.232,76741.33,63538.01,56871.53,2.96
2015-01-21,7.24,7.65,7.52,7.2,119966.14,0.28,3.87,7.282,7.228,7.209,65094.58,60764.21,55026.81,3.77
2015-01-20,7.1,7.25,7.24,7.06,61134.17,0.21,2.99,7.25,7.192,7.191,55040.83,52799.42,55585.03,1.92
2015-01-19,7.2,7.22,7.03,6.86,61295.52,-0.3,-4.09,7.24,7.19,7.219,52848.18,51516.04,58444.5,1.93
2015-01-16,7.29,7.35,7.33,7.2,47057.49,0.04,0.55,7.224,7.199,7.278,48782.31,50927.83,58519.31,1.48
2015-01-15,7.4,7.4,7.29,7.25,36019.6,-0.07,-0.95,7.176,7.163,7.325,50334.69,50334.09,62254.67,1.13
2015-01-14,7.19,7.37,7.36,7.13,69697.39,0.17,2.36,7.174,7.125,7.389,56433.84,53008.9,64074.62,2.19
2015-01-13,6.93,7.21,7.19,6.9,50170.89,0.24,3.45,7.134,7.102,7.455,50558.01,51580.41,64935.57,1.58
2015-01-12,7.08,7.13,6.95,6.85,40966.2,-0.14,-1.98,7.14,7.12,7.52,50183.9,51751.23,67845.27,1.29
2015-01-09,7.28,7.32,7.09,7.05,54819.35,-0.19,-2.61,7.174,7.165,7.6,53073.35,51137.91,70230.52,1.72
2015-01-08,7.26,7.37,7.28,7.15,66515.39,0.12,1.68,7.15,7.194,7.668,50333.5,50205.06,71530.38,2.09
2015-01-07,7.23,7.25,7.16,7.05,40318.23,-0.06,-0.83,7.076,7.189,7.715,49583.96,49289.4,75753.31,1.27
2015-01-06,7.12,7.25,7.22,7.02,48300.35,0.1,1.4,7.07,7.189,7.8,52602.81,58370.64,78943.35,1.52
2015-01-05,6.97,7.16,7.12,6.97,55413.45,0.15,2.15,7.1,7.247,7.889,53318.55,65372.96,84162.26,1.74
2014-12-31,6.9,6.99,6.97,6.83,41120.08,0.06,0.87,7.156,7.356,7.995,49202.47,66110.79,90231.77,1.29
2014-12-30,7.12,7.17,6.91,6.88,62767.7,-0.22,-3.09,7.238,7.486,8.106,50076.61,74175.25,100831.22,1.97
2014-12-29,7.37,7.37,7.13,7.1,55412.47,-0.24,-3.26,7.302,7.653,8.208,48994.83,75140.33,112445.55,1.74
2014-12-26,7.39,7.39,7.37,7.19,51879.05,-0.03,-0.41,7.308,7.808,8.297,64138.47,78290.72,119644.0,1.63
2014-12-25,7.36,7.46,7.4,7.32,34833.03,0.02,0.27,7.394,7.92,8.334,77427.37,83939.31,121163.56,1.09
2014-12-24,7.23,7.38,7.38,7.2,45490.8,0.15,2.08,7.556,8.035,8.369,83019.12,89323.13,122580.96,1.43
2014-12-23,7.08,7.3,7.23,7.01,57358.82,0.07,0.98,7.734,8.141,8.405,98273.88,92855.71,124447.56,1.8
2014-12-22,7.75,7.75,7.16,7.02,131130.66,-0.64,-8.21,8.004,8.241,8.453,101285.83,102217.23,126726.03,4.12
2014-12-19,8.2,8.21,7.8,7.6,118323.55,-0.41,-4.99,8.308,8.41,8.496,92442.97,99516.06,124289.75,3.72
2014-12-18,8.24,8.26,8.21,8.09,62791.76,-0.06,-0.73,8.446,8.53,8.508,90451.24,102951.56,121499.44,1.97
2014-12-17,8.5,8.5,8.27,8.09,121764.61,-0.31,-3.61,8.514,8.634,8.5,95627.13,114352.75,121993.27,3.82
2014-12-16,8.64,8.73,8.58,8.5,72418.58,-0.1,-1.15,8.548,8.725,8.488,87437.54,127487.19,119719.07,2.27
2014-12-15,8.5,8.74,8.68,8.37,86916.37,0.19,2.24,8.478,8.763,8.448,103148.63,149750.76,118645.82,2.73
2014-12-12,8.54,8.61,8.49,8.39,108364.9,-0.06,-0.7,8.512,8.786,8.395,106589.15,160997.28,116187.39,3.4
2014-12-11,8.42,8.56,8.55,8.3,88671.21,0.11,1.3,8.614,8.747,8.35,115451.88,158387.82,112344.28,2.79
2014-12-10,8.17,8.5,8.44,8.05,80816.65,0.21,2.55,8.754,8.702,8.303,133078.36,155838.79,110589.15,2.54
2014-12-09,8.85,8.86,8.23,8.19,150974.02,-0.62,-7.01,8.902,8.669,8.273,167536.85,156039.42,108959.75,4.74
2014-12-08,8.83,9.08,8.85,8.8,104118.96,-0.15,-1.67,9.048,8.665,8.249,196352.9,151234.84,105282.95,3.27
2014-12-05,9.27,9.29,9.0,8.4,152678.58,-0.25,-2.7,9.06,8.582,8.213,215405.41,149063.45,103751.68,4.8
2014-12-04,9.01,9.44,9.25,8.98,176803.59,0.07,0.76,8.88,8.486,8.163,201323.75,140047.32,102069.14,5.55
2014-12-03,8.86,9.64,9.18,8.8,253109.08,0.22,2.46,8.65,8.365,8.09,178599.23,129633.8,94937.47,7.95
2014-12-02,9.19,9.23,8.96,8.76,295054.28,0.05,0.56,8.436,8.25,8.02,144541.99,111950.95,84509.46,9.27
2014-12-01,8.09,8.91,8.91,7.95,199381.5,0.81,10.0,8.282,8.133,7.958,106116.78,87540.88,71749.75,6.26
2014-11-28,8.12,8.12,8.1,7.88,82270.3,0.0,0.0,8.104,8.003,7.903,82721.49,71377.51,64695.39,2.58
2014-11-27,8.12,8.2,8.1,8.01,63180.99,-0.01,-0.12,8.092,7.952,7.884,78770.9,66300.73,63530.08,1.98
2014-11-26,8.19,8.23,8.11,7.98,82822.88,-0.08,-0.98,8.08,7.904,7.865,80668.37,65339.5,63103.84,2.6
2014-11-25,8.03,8.23,8.19,8.01,102928.22,0.17,2.12,8.064,7.876,7.847,79359.92,61880.08,62852.22,3.23
2014-11-24,8.09,8.15,8.02,8.01,82405.04,-0.02,-0.25,7.984,7.832,7.824,68964.98,59331.06,60289.72,2.59
2014-11-21,8.03,8.13,8.04,7.93,62517.36,0.0,0.0,7.902,7.844,7.8,60033.52,58439.91,57912.09,1.96
2014-11-20,8.0,8.07,8.04,7.92,72668.36,0.01,0.12,7.812,7.839,7.768,53830.57,64090.95,56403.47,2.28
2014-11-19,7.8,8.1,8.03,7.74,76280.61,0.24,3.08,7.728,7.814,7.735,50010.63,60241.14,55666.48,2.4
2014-11-18,7.63,7.8,7.79,7.63,50953.53,0.18,2.37,7.688,7.789,7.709,44400.25,57067.97,54438.89,1.6
2014-11-17,7.6,7.72,7.61,7.54,37747.76,0.02,0.26,7.68,7.782,7.702,49697.13,55958.62,54121.54,1.19
2014-11-14,7.57,7.64,7.59,7.5,31502.59,-0.03,-0.39,7.786,7.803,7.714,56846.3,58013.28,54319.52,0.99
2014-11-13,7.85,7.86,7.62,7.6,53568.65,-0.21,-2.68,7.866,7.816,7.726,74351.32,60759.42,55870.04,1.68
2014-11-12,7.72,7.9,7.83,7.67,48228.7,0.08,1.03,7.9,7.826,7.742,70471.65,60868.17,56055.03,1.51
2014-11-11,8.14,8.2,7.75,7.66,77437.96,-0.39,-4.79,7.89,7.817,7.758,69735.69,63824.36,56540.29,2.43
2014-11-10,8.01,8.23,8.14,7.9,73493.59,0.15,1.88,7.884,7.815,7.777,62220.1,61248.38,56384.9,2.31
2014-11-07,7.82,8.18,7.99,7.81,119027.72,0.2,2.57,7.82,7.755,7.771,59180.26,57384.28,55814.73,3.74
2014-11-06,7.75,7.8,7.79,7.71,34170.3,0.01,0.13,7.766,7.697,7.778,47167.52,48716.0,53644.33,1.07
2014-11-05,7.74,7.81,7.78,7.61,44548.9,0.06,0.78,7.752,7.655,7.799,51264.69,51091.82,56792.37,1.4
2014-11-04,7.8,7.85,7.72,7.69,39859.99,-0.1,-1.28,7.744,7.628,7.826,57913.02,51809.81,58311.46,1.25
2014-11-03,7.72,7.88,7.82,7.72,58294.37,0.1,1.29,7.746,7.622,7.855,60276.66,52284.46,61324.73,1.83
2014-10-31,7.75,7.78,7.72,7.62,58964.05,0.0,0.0,7.69,7.624,7.875,55588.3,50625.75,64594.6,1.85
2014-10-30,7.75,7.88,7.72,7.68,54656.12,-0.02,-0.26,7.628,7.636,7.885,50264.48,50980.66,65010.27,1.72
2014-10-29,7.75,7.83,7.74,7.68,77790.58,0.01,0.13,7.558,7.657,7.892,50918.95,51241.88,67339.11,2.44
2014-10-28,7.54,7.75,7.73,7.48,51678.18,0.19,2.52,7.512,7.698,7.902,45706.59,49256.22,66984.74,1.62
2014-10-27,7.42,7.55,7.54,7.36,34852.56,0.13,1.75,7.498,7.739,7.909,44292.27,51521.42,67983.3,1.09
2014-10-24,7.31,7.46,7.41,7.31,32344.95,0.04,0.54,7.558,7.787,7.921,45663.21,54245.18,70616.27,1.02
2014-10-23,7.52,7.64,7.37,7.28,57928.5,-0.14,-1.86,7.644,7.858,7.955,51696.84,58572.67,72473.08,1.82
2014-10-22,7.66,7.76,7.51,7.48,51728.78,-0.15,-1.96,7.756,7.943,7.992,51564.81,62492.93,75043.12,1.62
2014-10-21,7.85,7.85,7.66,7.65,44606.54,-0.18,-2.3,7.884,8.023,8.023,52805.84,64813.11,80818.22,1.4
2014-10-20,7.84,7.88,7.84,7.76,41707.29,0.0,0.0,7.98,8.087,8.031,58750.57,70365.0,88047.19,1.31
2014-10-17,7.91,7.99,7.84,7.57,62513.07,-0.09,-1.14,8.016,8.125,8.037,62827.15,78563.44,93776.58,1.96
2014-10-16,8.08,8.12,7.93,7.91,57268.35,-0.22,-2.7,8.072,8.133,8.037,65448.5,79039.88,96226.29,1.8
2014-10-15,8.17,8.2,8.15,8.06,57933.97,0.01,0.12,8.13,8.126,8.019,73421.05,83436.34,99687.42,1.82
2014-10-14,8.01,8.26,8.14,8.0,74330.18,0.12,1.5,8.162,8.106,7.982,76820.38,84713.26,100904.25,2.33
2014-10-13,8.09,8.09,8.02,7.88,62090.17,-0.1,-1.23,8.194,8.079,7.951,81979.43,84445.18,101648.33,1.95
2014-10-10,8.2,8.2,8.12,8.05,75619.84,-0.1,-1.22,8.234,8.055,7.921,94299.73,86987.35,101184.74,2.38
2014-10-09,8.3,8.3,8.22,8.1,97131.09,-0.09,-1.08,8.194,8.051,7.887,92631.25,86373.5,101139.22,3.05
2014-10-08,8.31,8.35,8.31,8.15,74930.64,0.01,0.12,8.122,8.041,7.845,93451.64,87593.31,101146.87,2.35
2014-09-30,8.2,8.39,8.3,8.19,100125.43,0.08,0.97,8.05,8.023,7.795,92606.13,96823.33,101688.41,3.14
2014-09-29,7.92,8.26,8.22,7.92,123691.64,0.3,3.79,7.964,7.974,7.745,86910.92,105729.37,101182.49,3.89
2014-09-26,7.86,8.0,7.92,7.75,67277.45,0.06,0.76,7.876,7.949,7.68,79674.98,108989.72,96499.33,2.11
2014-09-25,7.98,8.07,7.86,7.8,101233.02,-0.09,-1.13,7.908,7.94,7.628,80115.75,113412.71,95683.5,3.18
2014-09-24,7.85,8.04,7.95,7.8,70703.11,0.08,1.02,7.96,7.912,7.584,81734.98,115938.5,92141.85,2.22
2014-09-23,7.8,7.89,7.87,7.75,71649.39,0.09,1.16,7.996,7.858,7.533,101040.52,117095.23,91619.35,2.25
2014-09-22,8.03,8.05,7.78,7.77,87511.91,-0.3,-3.71,7.984,7.822,7.499,124547.82,118851.47,91122.1,2.75
2014-09-19,8.08,8.17,8.08,8.02,69481.31,-0.04,-0.49,8.022,7.786,7.477,138304.46,115382.13,88966.7,2.18
2014-09-18,8.11,8.29,8.12,8.04,109329.19,-0.01,-0.12,7.972,7.722,7.44,146709.66,115904.95,89434.45,3.43
2014-09-17,7.79,8.33,8.13,7.75,167230.8,0.32,4.1,7.864,7.649,7.394,150142.02,114700.44,86717.22,5.25
2014-09-16,8.0,8.11,7.81,7.7,189185.88,-0.16,-2.01,7.72,7.567,7.353,133149.95,106553.49,83840.65,5.94
2014-09-15,7.83,8.07,7.97,7.75,156295.12,0.14,1.79,7.66,7.516,7.317,113155.13,96635.6,76800.84,4.91
2014-09-12,7.59,7.84,7.83,7.53,111507.33,0.25,3.3,7.55,7.411,7.272,92459.79,84008.94,71226.24,3.5
2014-09-11,7.41,7.8,7.58,7.36,126490.99,0.17,2.29,7.472,7.315,7.232,85100.23,77954.3,67763.45,3.97
2014-09-10,7.48,7.48,7.41,7.33,82270.41,-0.1,-1.33,7.434,7.255,7.206,79258.85,68345.19,63591.78,2.58
2014-09-09,7.46,7.63,7.51,7.44,89211.78,0.09,1.21,7.414,7.208,7.188,79957.03,66143.47,62644.81,2.8
2014-09-05,7.45,7.48,7.42,7.35,52818.46,-0.02,-0.27,7.372,7.176,7.169,80116.08,63392.73,61079.47,1.66
2014-09-04,7.41,7.51,7.44,7.34,74709.52,0.05,0.68,7.272,7.167,7.155,75558.09,62551.27,65188.13,2.35
2014-09-03,7.33,7.47,7.39,7.27,97284.08,0.08,1.09,7.158,7.158,7.129,70808.36,62963.96,64135.61,3.06
2014-09-02,7.31,7.36,7.31,7.22,85761.32,0.01,0.14,7.076,7.139,7.104,57431.54,58734.01,61872.51,2.69
2014-09-01,6.94,7.35,7.3,6.92,90007.0,0.38,5.49,7.002,7.138,7.081,52329.9,61127.82,60188.4,2.83
2014-08-29,6.85,6.99,6.92,6.83,30028.54,0.05,0.73,6.98,7.118,7.061,46669.39,56966.09,57851.73,0.94
2014-08-28,6.98,6.99,6.87,6.75,50960.85,-0.11,-1.58,7.062,7.132,7.056,49544.44,58443.55,59524.12,1.6
2014-08-27,6.93,7.03,6.98,6.9,30399.97,0.04,0.58,7.158,7.148,7.061,55119.55,57572.61,59625.53,0.95
2014-08-26,7.2,7.2,6.94,6.91,60253.14,-0.25,-3.48,7.202,7.157,7.061,60036.48,58838.37,61136.95,1.89
2014-08-25,7.35,7.39,7.19,7.15,61704.46,-0.14,-1.91,7.274,7.167,7.062,69925.73,59146.16,62885.54,1.94
2014-08-22,7.35,7.43,7.33,7.3,44403.77,-0.02,-0.27,7.256,7.162,7.049,67262.78,58766.21,66374.17,1.39
2014-08-21,7.19,7.42,7.35,7.17,78836.43,0.15,2.08,7.202,7.143,7.034,67342.65,67825.0,73297.75,2.48
2014-08-20,7.28,7.35,7.2,7.18,54984.59,-0.1,-1.37,7.138,7.1,7.013,60025.66,65307.25,78117.37,1.73
2014-08-19,7.1,7.43,7.3,7.1,109699.41,0.2,2.82,7.112,7.069,6.969,57640.26,65011.02,76956.99,3.45
2014-08-18,7.07,7.15,7.1,7.04,48389.7,0.04,0.57,7.06,7.024,6.923,48366.59,59248.99,72584.91,1.52
2014-08-15,7.03,7.08,7.06,6.99,44803.13,0.03,0.43,7.068,7.004,6.884,50269.63,58737.37,71432.64,1.41
2014-08-14,7.13,7.13,7.03,6.97,42251.45,-0.04,-0.57,7.084,6.979,6.85,68307.35,60604.7,70085.68,1.33
2014-08-13,7.04,7.13,7.07,7.0,43057.59,0.03,0.43,7.062,6.973,6.82,70588.85,61678.46,69410.7,1.35
2014-08-12,7.14,7.14,7.04,6.97,63331.06,-0.1,-1.4,7.026,6.964,6.788,72381.78,63435.53,68857.12,1.99
2014-08-11,7.11,7.18,7.14,7.07,57904.94,0.0,0.0,6.988,6.957,6.762,70131.39,66624.91,67700.85,1.82
2014-08-08,6.91,7.29,7.14,6.91,134991.7,0.22,3.18,6.94,6.935,6.731,67205.1,73982.13,67880.87,4.24
2014-08-07,6.87,6.92,6.92,6.81,53658.97,0.03,0.43,6.874,6.924,6.691,52902.06,78770.5,63199.18,1.69
2014-08-06,6.8,6.9,6.89,6.75,52022.24,0.04,0.58,6.884,6.926,6.661,52768.07,90927.49,62199.27,1.63
2014-08-05,6.9,6.93,6.85,6.77,52079.12,-0.05,-0.72,6.902,6.868,6.628,54489.28,88902.95,61011.73,1.64
2014-08-04,6.84,6.91,6.9,6.8,43273.47,0.09,1.32,6.926,6.821,6.602,63118.43,85920.84,59235.43,1.36
2014-08-01,6.95,6.98,6.81,6.79,63476.49,-0.16,-2.3,6.93,6.763,6.574,80759.16,84127.92,58095.95,1.99
2014-07-31,6.97,6.98,6.97,6.87,52989.03,-0.01,-0.14,6.974,6.721,6.551,104638.94,79566.66,56599.72,1.66
2014-07-30,6.99,7.05,6.98,6.87,60628.31,0.01,0.14,6.968,6.667,6.522,129086.9,77142.94,56926.04,1.9
2014-07-29,6.89,7.0,6.97,6.83,95224.87,0.05,0.72,6.834,6.612,6.49,123316.62,74278.7,55701.42,2.99
2014-07-28,7.02,7.03,6.92,6.86,131477.09,-0.11,-1.56,6.716,6.566,6.454,108723.24,68776.78,51737.63,4.13
2014-07-25,6.99,7.11,7.03,6.7,182875.42,0.09,1.3,6.596,6.527,6.419,87496.67,61779.62,46106.19,5.74
2014-07-24,6.49,6.94,6.94,6.48,175228.83,0.63,9.98,6.468,6.458,6.378,54494.38,47627.85,37970.46,5.5
2014-07-23,6.38,6.4,6.31,6.2,31776.9,-0.07,-1.1,6.366,6.396,6.341,25198.98,33471.05,30208.61,1.0
2014-07-22,6.31,6.39,6.38,6.28,22257.94,0.06,0.95,6.39,6.387,6.332,25240.79,33120.5,29267.94,0.7
2014-07-21,6.4,6.41,6.32,6.26,25344.27,-0.07,-1.09,6.416,6.382,6.318,28830.33,32550.03,28779.5,0.8
2014-07-18,6.4,6.45,6.39,6.37,17863.95,-0.04,-0.62,6.458,6.384,6.308,36062.57,32063.98,28091.66,0.56
2014-07-17,6.42,6.51,6.43,6.38,28751.86,0.0,0.0,6.448,6.38,6.303,40761.32,33632.77,28629.96,0.9
2014-07-16,6.48,6.53,6.43,6.42,31985.92,-0.08,-1.23,6.426,6.377,6.296,41743.11,36709.13,28623.19,1.0
2014-07-15,6.53,6.55,6.51,6.39,40205.65,-0.02,-0.31,6.384,6.368,6.288,41000.21,37124.14,28425.38,1.26
2014-07-14,6.32,6.54,6.53,6.29,61505.47,0.19,3.0,6.348,6.341,6.274,36269.73,34698.48,27689.12,1.93
2014-07-11,6.29,6.45,6.34,6.22,41357.72,0.02,0.32,6.31,6.311,6.257,28065.4,30432.77,25434.69,1.3
2014-07-10,6.17,6.33,6.32,6.15,33660.79,0.1,1.61,6.312,6.298,6.251,26504.22,28313.08,24297.34,1.06
2014-07-09,6.35,6.35,6.22,6.17,28271.42,-0.11,-1.74,6.328,6.285,6.246,31675.16,26946.16,23577.07,0.89
2014-07-08,6.31,6.35,6.33,6.24,16553.25,-0.01,-0.16,6.352,6.276,6.248,33248.08,25415.38,23185.87,0.52
2014-07-07,6.32,6.39,6.34,6.28,20483.81,-0.01,-0.16,6.334,6.254,6.241,33127.23,25008.97,23788.84,0.64
2014-07-04,6.38,6.45,6.35,6.33,33551.85,-0.05,-0.78,6.312,6.231,6.231,32800.13,24119.34,24119.34,1.05
2014-07-03,6.39,6.53,6.4,6.34,59515.45,0.06,0.95,6.284,6.218,6.218,30121.93,23071.29,23071.29,1.87
2014-07-02,6.23,6.35,6.34,6.23,36136.03,0.1,1.6,6.242,6.195,6.195,22217.17,18515.77,18515.77,1.14
2014-07-01,6.23,6.25,6.24,6.19,15949.03,0.01,0.16,6.2,6.174,6.174,17582.68,15998.58,15998.58,0.5
2014-06-30,6.2,6.23,6.23,6.17,18848.3,0.02,0.32,6.174,6.163,6.163,16890.71,16006.84,16006.84,0.59
2014-06-27,6.2,6.22,6.21,6.14,20160.84,0.02,0.32,6.15,6.15,6.15,15438.55,15438.55,15438.55,0.63
2014-06-26,6.14,6.24,6.19,6.12,19991.66,0.06,0.98,6.135,6.135,6.135,14257.98,14257.98,14257.98,0.63
2014-06-25,6.12,6.16,6.13,6.08,12963.57,0.02,0.33,6.117,6.117,6.117,12346.75,12346.75,12346.75,0.41
2014-06-24,6.12,6.13,6.11,6.08,12489.19,0.0,0.0,6.11,6.11,6.11,12038.35,12038.35,12038.35,0.39
2014-06-23,6.08,6.15,6.11,6.07,11587.5,0.03,0.49,6.11,6.11,6.11,11587.5,11587.5,11587.5,0.36
